-1.3325	-3.103144	0.241033	-1.913532	-3.464629	1.30449	1.240658	0.1013039	-1.907062	-0.1582683	2.607762	2.22237	0.8934908	-0.871705	0.7190832	-0.46401	-1.505238	-2.106763	1.365378	0.1756353	0.8065815	-2.180725	1.621473	-0.4066049	-1.166184	1.270734	-0.2074067	-0.7458945	-1.773998	1.290318	0.4504387	-1.284264	-0.5929452	-0.07699328	2.287231	1.668513	-1.34991	0.2043598	-0.5569605	-3.026333	0.02014357	-0.9485265	1.865358	-0.8367803	1.067273	-0.2139533	0.3662275	1.953703	2.087065	0.3359365
-2.358094	-0.7935337	2.115363	-0.7090295	-0.01605261	0.1182082	-0.7710887	-0.8156925	1.339277	0.8070627	1.816639	1.017005	0.8407426	1.065401	-3.55273	1.689436	2.795251	-0.4314666	-2.230089	-1.206368	-1.514608	1.492628	-1.637126	-1.68745	0.9466427	0.6712701	-0.04323893	-1.34007	-1.097744	-1.229288	0.329384	1.649821	-1.403777	-1.653876	1.282053	0.8948299	0.04130713	2.020117	1.648517	-1.990899	-0.1500807	1.572934	1.132698	-2.529224	0.1915201	-3.633737	2.585781	-1.007832	-1.43378	-1.8951
-0.3968453	-1.002474	1.878702	-0.2094156	0.2965653	2.145714	-2.495153	1.125436	0.1330957	0.5011176	-0.8937749	-2.360922	1.52535	-1.858432	3.275796	-0.1104025	-0.5770221	0.9919914	-2.192486	-1.602546	-1.723584	-0.1660419	0.6907609	0.1644224	1.513242	-2.060254	3.441625	1.417127	-1.692103	-0.1136863	-0.6886576	-1.194738	1.457652	-2.018861	-0.915274	-0.7353244	-1.476664	2.754314	0.3913291	3.029389	3.214016	2.084687	1.503396	-0.4555753	-0.08144899	0.9252503	-1.333125	2.753646	1.156858	0.1413902
-0.8177173	-2.514242	-0.759742	-1.488906	0.9117741	-0.1934221	-1.609856	1.087595	2.730696	0.4736935	-0.1210843	-2.539119	-1.117283	-0.6733156	-0.7359815	1.900934	2.81269	1.546831	0.4297808	0.3807874	2.297389	2.211235	-1.512642	2.795703	4.507017	1.394059	0.007848118	-1.449294	0.852489	1.573624	3.105004	-0.840727	-1.736793	-0.6635283	-1.69174	-1.898105	-0.5353499	-1.738138	1.856336	-0.455212	0.997932	2.008821	2.187027	-0.7867821	0.5136649	-2.474343	0.8859683	-3.694975	-1.24068	3.346747
0.8039814	-2.321171	2.510733	0.0507516	-3.429274	-0.62789	5.050535	-1.818753	0.05350903	-2.330279	-3.42495	1.55429	-0.2677344	-1.089734	0.3244388	-1.148377	-0.8705514	1.337747	1.422628	-2.528653	-0.06948906	1.893588	-0.3900485	2.246733	-1.389209	1.260921	0.7416217	-2.201798	2.051818	-1.793575	-2.688455	1.173424	3.953681	1.819869	-0.3754204	1.541229	1.032064	1.783611	-2.696322	-0.09447386	1.659916	0.8653286	2.021462	1.372135	1.633681	1.04927	-0.7306439	2.314781	1.197274	-0.6537381
-0.7755318	-0.1026682	-1.348448	2.057316	-0.4390241	-3.343325	0.1768424	-1.646829	-1.743025	-0.8111308	1.194776	-1.305917	-0.3638272	-1.619534	0.7964057	2.12007	1.887211	0.9164332	-1.521197	-0.2700527	0.2633221	1.223315	2.698781	0.1284406	-1.350198	-0.2542722	1.148992	3.942716	-0.3831964	3.522984	0.210293	-0.7060627	-2.783797	-0.8786255	0.7157408	-0.5337194	-2.609752	0.134754	0.6615332	1.807634	2.53382	1.089568	-2.445842	0.6968562	-1.302128	1.861805	0.8277681	2.784879	0.4750445	0.45571
-1.779414	1.793173	0.9987565	-3.531566	0.2063306	2.41301	-1.499187	0.1162381	0.9679946	-1.885954	2.372065	-2.157069	1.600728	-1.696837	1.843695	-2.196908	0.7899999	-2.377565	-0.05299369	-2.899094	0.1902067	0.5036799	1.71354	1.434345	0.9793409	-0.1968963	3.749154	2.136839	1.658355	-0.7116955	-2.0866	1.232038	1.279957	0.6361161	0.6720135	1.628189	-0.9470474	0.1862717	2.164302	-2.783101	-0.04703265	0.005316491	0.7089343	-3.311702	1.5952	-3.075277	-0.09425344	-3.360992	1.7744	-1.893207
-0.5609055	3.11978	-0.3158882	2.432702	-2.076187	-0.1292401	3.509271	0.3153595	-0.7029558	-0.7357457	1.706847	1.513082	1.063661	1.38121	2.047652	-0.7621791	-0.9613981	1.853311	-0.6920613	-2.916926	-2.255721	1.550976	1.415527	1.375786	0.04194586	1.315045	1.797954	1.826218	2.140631	-2.007875	2.454913	1.027923	-0.2142644	-0.1018001	0.8282426	2.175473	-2.50967	-0.9550306	-0.306577	3.096778	1.67008	-0.1850509	-1.114094	-2.454023	3.761676	0.7435068	0.9889365	0.3854635	2.021222	-1.062127
-0.3953178	1.221561	1.718827	1.100349	2.720989	2.411671	-1.889761	1.206333	2.50756	3.275804	2.028537	-0.7266262	1.974977	1.575913	-0.7242221	-2.664904	-0.5796528	-3.115334	1.872706	-1.990173	-0.5864029	-2.07114	-1.27434	0.8289718	-1.167991	1.086381	1.298349	-1.679166	-0.3875673	-2.291647	1.225349	-1.443629	-2.448992	-1.410561	1.333979	-0.8347089	-1.242347	0.02026841	1.015661	-0.04474079	-1.602591	1.75297	-0.03108099	0.08985881	0.439908	0.09177044	3.141286	-3.616983	1.189932	-2.398361
1.440209	-0.2383651	0.3681758	3.185683	1.492747	-1.247668	3.226746	2.374352	0.2091791	1.657044	-1.560148	-2.076974	-0.4672024	2.597745	-2.226566	-2.101513	-1.490963	0.5908668	0.1514068	2.918575	-0.26697	1.093884	-0.2884952	-2.110543	-0.6069596	-2.351642	-2.645781	-1.771669	-0.7436515	0.1485338	-0.6135955	-2.284625	-0.7917802	0.02243233	-1.909687	1.229893	0.002579635	0.2081253	-0.1212908	0.8568212	3.247232	1.229489	-2.362815	-2.592113	2.52156	0.36609	2.15489	0.4030926	-0.949864	-1.353471
-1.263986	1.141416	1.723818	0.1774458	-0.2903786	0.9654398	-0.2241609	-0.6659075	-1.900988	1.420544	1.831417	-2.48597	2.325655	-1.924395	1.070077	1.382635	1.581906	1.764132	-1.151571	2.505528	2.049399	-1.71681	1.803982	-2.027216	1.271626	1.388123	-0.9314466	-1.488623	-1.432816	-1.168966	-0.2443401	1.351953	0.1213806	-1.521859	0.7056324	-1.382274	-2.104264	1.993118	0.2724579	-0.5804898	0.9019431	1.265465	0.8754052	-1.483747	-0.8805681	-2.021947	0.07904128	2.271385	-1.320307	0.2533842
-1.803742	-2.390238	1.272555	0.9456676	0.9170339	2.66222	-1.636653	-0.7840528	3.820318	-2.304558	0.2592075	0.1675162	-2.025349	0.1335011	1.774236	-1.652625	3.274429	1.790089	-1.438641	0.1152507	2.942841	1.046322	1.131816	1.554667	-0.2581193	-2.263987	-1.718012	2.860793	2.038886	1.135035	-0.8341627	0.5837159	2.711764	-2.384925	1.095202	-2.312947	0.3469785	0.7866852	-2.147997	2.855291	0.5020832	0.5434264	0.5143004	2.434966	1.547612	-3.520596	0.06277452	0.3800596	-0.4959173	-1.169501
0.9833774	-0.708744	-1.089995	-3.709324	-2.849755	0.5525341	0.1073301	-2.336717	-1.422853	1.238428	1.557588	1.822914	-1.294646	1.727318	1.350823	-2.049461	2.894987	0.4387158	-2.669362	0.3150183	-2.213511	1.174777	1.561834	0.2524858	-2.791722	-1.284	0.3564525	2.259086	-1.48729	0.6752928	0.4033525	-1.544319	-2.100384	-1.861079	1.373348	-0.1463846	-1.070474	-1.167309	-1.238582	-1.084291	0.944296	1.825172	1.86281	-0.2122905	1.849711	1.467701	1.293253	2.882851	-1.091501	1.611579
-1.505929	-1.050018	-0.5547733	4.719485	-0.5431543	-1.316159	-0.03852593	-1.618976	-1.54408	-0.788735	-3.480956	-2.111218	1.153451	-1.639251	3.828707	0.4449997	0.6455586	0.4510082	-1.024937	-1.165698	0.6039972	-1.739382	2.127873	-1.500141	-1.054182	2.027005	0.5308609	-1.361404	-1.732743	3.35186	1.860063	2.40085	-1.209494	-1.213977	1.53949	0.4991224	1.010631	-2.414659	-2.605596	-0.4292974	-0.2770849	0.07465194	2.095936	2.639016	-1.104009	-0.2918975	3.398132	0.3532018	2.102369	1.716447
2.111317	-1.114546	-1.326049	-0.6440018	-1.38165	3.040094	-1.459166	0.6931018	0.4400429	-2.108662	-2.807344	0.03866981	-1.284055	-1.790515	-0.4448663	0.1477445	2.03546	-1.123154	1.401699	-2.374833	0.7603012	-1.212163	-1.362216	1.782062	2.204778	-2.044773	-0.04542756	0.7829341	-1.457103	1.97566	-2.072295	1.040813	-1.827975	0.3215685	2.078961	1.052076	2.876681	2.719056	2.139004	-3.228484	0.7906885	-0.6864403	-2.635753	-3.176398	-1.010332	1.789692	-0.03508272	3.147567	-1.443873	-5.746197
1.92116	1.691547	0.43494	-1.207389	-1.120269	-2.445403	-2.981843	-0.3091623	-1.490203	-1.618999	0.05056427	-2.565531	0.4058653	1.114291	0.9514922	-1.131284	-2.127625	-1.029405	-0.9340069	2.119902	-2.67752	0.3487674	3.891963	2.578343	2.010645	0.5435755	3.136356	-0.08186759	0.1711389	-0.5360038	0.1765378	0.3534092	-2.852488	-2.593161	-0.8442475	-1.941082	-0.7879122	0.8571161	-1.735102	-2.895355	-1.134944	2.208759	0.3278038	1.687701	1.98657	1.579206	-0.493157	-0.5948773	1.682421	4.480744
1.054732	0.6177526	0.3206344	-1.555713	-1.284685	0.3163545	-2.523141	-1.306079	-0.06492282	2.178815	-1.181308	1.663999	1.344741	0.4896382	-1.102295	-1.300969	1.858696	1.250225	3.199971	2.941092	-1.824529	1.546875	-0.3083558	-0.1245142	1.494191	-1.001797	2.611451	-0.664753	0.8410942	-0.1022612	-1.135288	1.075547	-1.720911	0.1082145	-1.55919	-0.9611667	-0.05449304	2.83168	0.9843911	2.387895	-0.5207061	-2.335502	-0.6140014	-1.366624	-1.423571	1.401878	1.830385	-3.693767	-1.412637	0.03139946
0.604123	-2.694467	1.407893	2.249617	0.1896855	2.59273	0.3995256	1.094395	-2.438206	-1.459421	-0.05286289	0.2517555	-1.616239	-1.140933	-2.964673	0.4761584	3.69453	-1.367256	-1.847238	0.490213	-1.362784	1.688498	0.8465693	-0.973682	2.821609	-1.886321	1.372568	-1.256978	-1.983502	-2.340132	-1.119619	0.6681011	0.8010236	1.166629	1.760161	1.34171	2.146675	1.36939	-0.5397894	1.557914	-0.9134412	-2.729162	1.541682	-0.2693597	3.081072	-2.022993	0.3034875	-1.210872	1.307043	-3.777342
1.973602	-1.623088	-2.133724	-2.154103	-1.377687	1.898619	-1.161975	1.57034	0.2352889	3.039914	-1.095554	1.864934	1.145535	1.556838	0.9706084	-1.413588	-2.747704	-1.069213	-1.19728	-1.763727	2.905867	-1.743832	0.388424	-1.635845	-0.2220931	-1.120116	-1.122731	0.2370298	-1.444506	-0.1875483	1.506139	2.169067	-0.4533634	-1.773546	-1.151379	-2.323066	1.339145	-2.555574	-1.917106	0.7795052	2.029798	0.1978576	1.804069	3.064023	0.786983	-0.678757	3.671307	-0.2486605	-1.041061	-1.347545
-2.080726	-1.705412	2.266542	4.949538	0.6143492	-1.128759	1.720357	1.037859	1.597312	1.180541	0.3218072	-1.392195	2.574964	-1.047702	-1.330934	1.089669	-0.02854293	3.188992	0.3794773	-1.662736	1.358658	-1.434991	-0.6707675	2.520401	-1.430006	1.725544	1.87018	0.5644734	0.7962905	-4.352574	1.799326	-2.209	0.9060731	3.390426	2.345443	-1.774963	-1.567485	-1.513446	1.192812	-2.003378	3.919907	1.485526	-2.067935	-2.532741	-1.781341	1.504247	-1.042365	1.894178	2.477391	-0.1001042
1.612298	-1.842167	-1.021431	3.458329	-1.271206	1.687842	2.881931	-0.9250388	1.667691	-4.72687	-0.7613096	0.3707117	-1.169681	1.574951	1.045045	1.728918	2.593424	2.10131	-0.4686424	-0.5206109	-1.447966	1.079498	-1.092371	-1.128047	2.016712	-1.945806	0.1270307	1.765415	-2.2302	0.6073113	-0.8780253	-2.008783	-0.4042404	2.037706	1.527663	1.071371	-1.865862	1.541517	0.1506116	1.801915	-1.264791	2.488656	3.931265	-2.032247	2.263821	2.05327	2.310607	0.4487736	0.8420413	-0.7417596
0.4658013	-0.5878023	2.243123	-4.671682	1.505799	-2.391464	-2.421839	-0.5771419	1.546502	0.6015799	-1.513229	-0.8647788	-0.527818	-0.8364988	3.175007	-0.0975682	0.3287282	1.144166	2.199343	2.183212	-0.9932205	0.6825831	2.528655	1.348262	3.002753	2.010085	-0.3041447	-0.03231733	0.2264347	3.327994	-2.790363	1.436273	-0.907349	0.3395465	-0.456877	-2.831983	-0.3185524	1.819123	1.169327	-0.005049867	-1.745982	-1.807973	-1.446875	-1.74045	3.306882	-0.3904703	0.1767367	-0.8965999	1.65917	0.9375083
1.89068	-0.7357778	0.693129	-2.971634	-1.551198	-2.179493	2.434702	1.128241	-0.3589463	3.395617	3.262554	-2.13557	-1.502665	-0.307354	-1.963484	1.805345	-1.171357	1.472899	-0.6403998	-1.299831	2.776182	-1.512955	-0.4794522	-0.3934508	-1.674099	1.189052	1.943128	2.872348	2.652479	-2.241003	-2.465329	-0.9617405	0.3001479	0.869008	1.146634	-0.406651	-2.201531	0.1377034	-2.182503	-2.209464	-0.0511266	0.4807121	-1.698371	1.746838	1.238383	1.589988	-1.661048	2.248463	1.689481	-1.529321
1.231199	-0.5111555	-2.182184	3.861559	-1.169172	1.246822	0.3288562	-1.62176	-2.073767	1.883828	-0.6344411	-1.944834	-2.197876	0.9392663	-3.966967	0.3322742	2.179203	-0.3466398	-1.208548	0.939376	1.082393	0.7693418	0.9673109	-1.533438	2.311615	-0.09719192	-1.165763	0.1716333	1.227923	-0.416242	2.946549	0.4868072	2.310614	-3.473221	-0.9023039	2.347623	3.240916	-1.78897	1.872274	0.193994	-2.151859	-2.496736	-1.340864	2.283258	-0.4298279	-1.195079	-1.265319	-2.707425	1.083933	0.9959655
