-1.425973	-1.960164	-2.159762	-1.92148	-1.48049	-1.083987	-0.8030962	-2.41623	-2.351786	1.254865	0.4155315	0.6580473	-1.447161	-0.3384871	2.878966	1.574682	1.229833	0.7515492	-1.348489	-2.735122	1.956873	0.9874979	1.397356	-2.006113	-3.916572	-2.372893	0.1527448	1.810208	1.28552	-0.03582293	-0.9276531	1.110521	0.7051656	2.838161	1.601258	1.658888	1.495463	1.357555	-0.5563998	0.3671445	0.1197506	1.903959	1.738869	-3.348485	1.188683	-0.1221687	-1.872497	-1.12574	-0.610596	4.945755
-1.255464	0.1818631	-1.002618	-1.404351	-1.077823	-3.309491	4.306353	-0.2548227	-1.899347	-0.4948524	-1.583946	-1.513217	0.491555	0.392536	1.932261	0.7274999	1.425845	2.30055	-0.3780116	2.444755	1.948175	0.4237505	0.007828067	-2.57992	0.1159201	1.528744	1.01035	3.504086	-1.573879	-1.033314	-0.2286579	-1.444974	-0.9726965	2.205174	1.643179	1.460461	2.567446	-0.4101949	-1.971517	-2.175694	-0.8918322	1.626768	-0.5105921	-0.9019218	-0.8001709	1.089899	3.098391	1.227575	-1.241425	0.4458898
3.137258	0.08902384	-0.9968551	2.77088	-1.462806	-0.3713085	1.854468	1.080396	0.8480082	0.8721122	-1.996544	0.7108363	-1.275155	1.543232	-0.947819	-0.01177397	2.308742	2.477474	-1.230194	0.08489172	-1.346481	0.351908	-0.6436781	-1.379839	-2.929542	1.993425	2.502798	-2.341102	-1.480595	-0.9108801	-1.178942	-1.489364	-1.594404	-0.7246566	1.196435	-2.220674	-2.032312	0.3877342	2.297476	-1.95256	-0.12797	0.2068197	-1.224905	-2.543681	3.548237	1.123117	-1.456986	-2.240344	-1.910795	0.959407
-1.718672	-3.130348	0.4533251	-0.5152355	-1.366021	-2.104167	-0.3390499	-1.242785	-1.190316	3.022966	-0.1982338	-0.9131311	0.3096287	2.074557	2.628722	-0.08373774	-0.742597	2.260191	0.7561744	0.9200829	-0.3469323	-0.8832	1.849917	-0.7778818	-0.7176141	-1.568083	-0.8948291	-0.4758963	-0.5640272	-3.460974	0.5880762	-1.720729	0.2579638	-1.930766	-1.01766	0.9913468	-1.603609	-1.093413	-0.5058683	0.06793262	-2.75977	1.646302	-0.6992642	-0.2134746	-0.1228113	-1.158998	0.6352401	-4.357276	-0.9832819	4.96839
1.160036	2.639679	-1.441228	-1.558408	-0.1799667	2.324428	1.051166	0.3044762	1.549851	1.679524	1.26291	3.061357	-1.091419	-1.187783	-4.266547	2.057418	-3.08385	0.1111021	2.676621	-0.2226723	2.264091	-2.225996	-1.976758	-0.6807464	-0.8254496	-0.1861016	0.6595891	1.033548	3.032622	-0.4708377	0.06518197	-0.8493826	-0.3831717	-0.8236658	-1.671935	-1.718699	0.1482923	2.087225	-1.251207	3.923366	-1.381912	-0.6989569	-1.748013	-3.003761	-3.114479	-2.434858	0.762284	3.893339	-1.063042	-2.942939
-0.6725267	-1.640614	0.888467	1.87163	-0.1291935	-1.999908	0.2605291	-1.553117	-1.450323	-2.201136	-1.316397	-0.1424543	-0.9101039	-1.937221	0.2630913	0.4642416	-0.7488715	-2.397262	-1.222062	2.199356	-0.3222707	-0.5986474	-0.6911422	1.023519	-0.527417	-1.206562	-0.2431445	-3.011896	1.728181	-0.3577969	-1.627574	1.793781	-2.386594	-1.118175	0.4177712	1.592134	1.731506	-1.50675	-0.04237348	1.678998	-0.5743395	1.392097	-1.809622	-0.7246283	-2.079213	-0.4392375	2.89411	-0.3610476	-1.284611	3.545496
0.7725203	-0.3282589	-2.497381	1.13943	-2.726905	-3.07569	1.626363	-2.30595	-0.6307415	0.2657166	-0.2124087	0.7848105	0.9626355	-2.594716	-1.276973	0.8529206	-0.04896801	-0.3920359	-1.154141	-0.1617385	-1.20234	1.113221	1.783534	-1.198518	-1.375989	0.3014078	-0.2969793	2.149882	2.380059	0.8809826	-2.240993	-1.571165	-1.342768	-0.5876832	-1.556894	-0.2911398	-0.144129	-0.9046681	-3.605107	-0.2295205	-0.3397162	1.353005	0.1195004	-0.9633872	-2.807013	3.051033	-0.7176164	3.317993	1.60082	0.6026218
-1.497065	1.52291	-1.365383	1.413072	2.719578	-1.153304	2.55208	-2.648844	1.068378	0.7389111	0.6388254	-1.711406	-2.2315	1.092143	-1.788828	-1.390598	1.616287	2.526786	-3.532492	0.4724443	-2.691567	2.489701	3.059824	-0.1902808	-0.1354004	-0.04659374	-1.494349	1.482541	0.5684785	0.2590101	-0.2738125	1.852849	1.519066	2.215844	1.870153	-0.9346422	2.922412	-2.113502	-2.082555	0.536846	-1.556578	1.355432	-1.38302	-0.09977458	0.4295564	-1.701058	-0.6859028	1.575541	0.3221968	-0.7016254
-1.22899	0.2115521	1.272174	-0.3370774	0.6352963	-1.124716	-2.579006	0.1523343	2.547193	0.7476985	0.8745288	-0.1336906	-2.166999	1.301873	1.090341	-0.5924989	-3.081676	1.494678	-1.094282	-0.0771439	-3.633539	1.456386	0.3358336	0.2582992	-0.9371426	-0.2537622	-2.872527	0.4587905	0.1928982	4.37376	0.3665081	-0.5530167	3.639278	0.6913433	1.586361	1.766294	-1.798017	1.677907	1.603508	-2.191261	-2.111957	1.273001	3.259485	-2.141875	-1.169407	0.8409676	2.380044	-1.19519	0.3313016	-0.8665325
1.015522	-1.877425	-1.54293	3.180064	-2.81249	2.35559	2.938481	-2.780682	1.002687	-1.395442	1.601849	-1.768845	-1.016999	1.002851	-0.6168858	-1.981215	-2.317853	0.4862823	2.293768	0.6679103	-0.5079679	-1.429034	-1.278518	-2.444409	1.327239	0.4995393	0.5094887	2.21949	1.158421	0.9261693	-0.3324944	-2.599003	-1.332235	-0.9809281	1.727248	1.245173	1.176217	-1.470542	-1.301661	-3.804426	0.1230165	1.086421	0.8389859	1.331102	-2.101137	0.2378212	3.479844	3.350881	0.8572969	0.2509818
-1.971991	2.67519	-1.900041	1.00129	-0.2534145	1.859861	-1.994383	2.263419	0.8539039	-1.764656	2.856835	2.987383	-1.350634	-0.8246873	-1.453076	-0.5075375	-1.353426	1.3302	1.433117	2.633427	-0.05672955	1.174129	-0.605602	-1.47858	-3.127232	1.728709	1.778401	2.159984	2.307249	-0.3929512	-1.606626	-0.7667583	-3.719621	-0.6147186	-0.8368949	2.239057	-3.374124	0.2972031	1.835795	0.2583179	2.172651	3.131478	-1.821474	0.2381189	-0.6170906	2.365777	1.733782	-1.72969	-2.346747	-4.685842
-0.7238672	0.900722	-1.147501	0.6041726	1.246651	0.219465	-1.876702	-2.192213	0.1512748	-3.520041	2.748062	0.772392	-0.1669242	-1.963773	0.6801649	-2.920958	0.6341692	0.208713	-0.8780757	-0.5005582	1.930038	1.292877	0.919239	1.46132	0.07523862	-1.795912	-0.5495873	-3.512619	-1.408408	0.7060202	1.849726	0.6789037	-1.296226	-3.438577	0.7838146	-0.0980386	2.406098	2.446016	3.762373	-0.166167	-1.952721	-0.6720124	-3.111295	-2.557784	0.5813834	-1.829151	0.864803	2.069413	0.5811829	0.6751941
1.437565	1.569819	-1.171828	1.6443	-0.865645	-1.401286	-2.004789	-2.248555	2.296932	-0.3518925	-1.24371	0.9096009	-1.928225	1.211128	1.609139	-2.384963	-0.02087783	-1.403674	-0.1845475	-2.833379	-2.053869	-0.7300056	-0.1908907	0.05560053	4.084821	2.49171	1.940773	3.478631	-1.89319	4.91604	3.828918	1.137143	3.813031	-1.734239	2.184825	-2.195566	-0.3788015	-1.837762	2.188449	2.14189	-4.338028	-1.047623	1.308756	1.838906	-0.9650882	3.622947	2.208112	2.819318	-1.350605	-0.3315541
1.47886	-1.025484	0.7039947	-0.8619744	3.140695	1.161082	3.247553	0.6491899	-1.523788	1.251696	-0.1899692	0.8257838	1.642505	-0.9483002	-2.71242	-2.344576	0.3821484	0.9720333	-0.9539125	-1.67476	0.2927654	2.352773	1.39138	1.85314	-0.3829514	-1.060412	-1.744733	1.728108	-1.731702	-0.1300594	-1.636508	-0.8735233	0.4326436	-4.669722	1.181888	0.8234886	0.7143328	1.779894	-0.5136892	-7.040838	-0.6606769	-2.227583	-0.2369371	-1.393519	2.631513	0.005148889	0.6170057	-1.866324	2.018937	-1.368061
-1.990137	-0.1649895	2.92103	2.989149	-2.336795	3.517223	1.77997	-0.2898627	3.152051	3.26891	-1.854149	1.730499	1.220256	-1.67786	1.870515	2.280367	0.6926806	-1.232088	1.871998	2.119653	2.470789	1.766685	1.041074	2.489658	-2.362149	1.141027	-1.905752	0.3852981	-1.96813	0.4380083	-1.325872	1.711275	0.08516012	1.379715	1.080769	-2.546578	-2.444133	2.336787	-1.264552	-2.142379	3.232414	2.081041	2.750131	-1.200483	-1.151358	-0.8632583	1.931978	-1.400653	0.7812733	1.510562
-1.598969	1.924379	-2.260415	1.865019	-0.4243267	1.918451	-6.454181	-2.171171	-2.515284	-2.591716	-2.003245	-1.67461	-1.361719	-0.6666151	-5.439645	-0.6700121	-0.8225591	-1.448018	1.70064	0.6208017	1.077103	-2.1997	-0.4322373	0.9391539	-0.5900544	1.782526	-3.359011	-2.34851	-1.079477	2.351529	-1.532512	-1.460271	1.958574	-1.773875	0.8590157	-2.656101	0.09782701	-0.5110691	4.357108	-0.5825833	-0.6411148	-1.433857	-1.828576	-0.1388587	0.6557375	-3.020281	-1.784431	3.15966	-0.05706791	-2.698515
-1.676567	3.186976	-0.9026651	-0.2199595	0.5212614	-0.5769202	0.2479762	0.9069532	-0.9366815	2.499212	-2.427062	-0.4358899	-0.2587431	1.098507	2.312904	2.313938	0.4708908	1.402583	-1.191692	-1.086593	-1.989496	1.37065	-1.403608	2.785027	-3.724502	-1.336993	1.507917	4.033907	0.5388419	-2.269836	-1.927222	1.615726	-2.171396	2.059424	-2.197499	-0.754741	-0.6460168	-2.577107	1.565655	0.4220392	0.06401976	-1.456615	-1.808135	-0.8892329	-0.4772408	-1.127963	-0.8416148	1.140479	2.033201	2.986089
1.776275	1.493069	-1.25987	-0.7682543	-0.8442744	2.228397	-1.585065	-0.05710241	1.213369	0.7130881	1.985029	-0.6375363	-2.533781	1.389453	1.924458	-1.47478	-0.03082969	-1.335696	-2.371638	-1.896693	1.639778	-1.367717	1.910885	1.028668	4.219014	-2.775686	0.7337354	-0.2283602	0.2064829	0.05777194	-0.1241201	-1.256984	-4.171394	-2.679378	-1.213068	0.9780932	2.057634	-0.6402435	1.978341	1.095466	1.000669	-1.751314	1.385634	0.2495726	0.4706794	-0.5326188	1.687261	-0.2535767	1.570628	3.335036
-1.147048	-1.912921	-0.5799692	-0.8460898	1.171634	-2.398022	-0.9303218	1.822735	0.7845594	0.4054932	0.7257811	-1.379426	1.355158	1.770143	0.5012454	-0.6908583	-2.63934	1.874094	0.6839413	3.376582	1.27401	-0.4120021	2.488733	-1.116101	2.434502	1.727753	2.740787	2.484003	0.1854581	1.936101	1.965586	0.7487733	-2.24452	2.498909	-1.643834	1.513422	1.362641	1.319257	2.766024	2.212555	-1.654674	0.5862353	0.5817436	1.943045	2.622962	-0.08201461	-0.893405	2.480428	-1.666943	-0.153817
-1.714079	1.333123	1.311315	-1.626099	0.1621827	-0.5110138	-0.5587609	0.5183405	0.3202527	-0.03937626	-0.9410853	-0.8837045	-1.758353	1.559604	-3.682038	1.471376	-0.9050656	-0.5035454	1.280428	-1.451296	-0.1030291	-0.258925	-1.118093	-2.17704	0.06742826	-2.043505	1.669554	-0.4541969	0.68164	-1.966021	0.7857097	-0.7926023	1.341013	-0.7205166	-1.082648	0.6652048	0.9981767	-0.4276424	-0.845658	-4.381155	-3.161427	0.4384141	1.183099	-2.266615	-0.1853935	3.433426	-2.8998	-3.793	1.615527	-0.5392703
-0.5995409	1.680452	-1.047564	2.273833	0.3732093	-0.138652	2.562985	-0.3254871	-1.652937	-0.1971422	1.990195	1.574033	0.837392	1.68298	2.002044	-0.6009594	-0.2762789	-1.149672	-0.6405532	1.642298	-0.176279	1.615055	-2.099933	0.3564031	0.966279	1.211311	1.389172	2.979678	-1.611617	-0.01494995	0.07506089	-0.8863342	-0.2542178	3.821078	0.8089007	-1.246879	-1.327676	1.338531	-1.374258	0.7235661	1.999222	1.994792	-1.972543	2.132401	-2.083283	2.596684	-1.554129	-2.448261	-1.665195	-0.8709792
-1.641141	1.301925	-2.98361	1.491465	-1.01461	1.06565	-2.137717	-0.824824	-0.2255678	-3.345143	-1.383826	0.3622447	1.604631	0.6436135	-0.5477043	0.6205304	1.991651	-1.270847	-1.1404	-0.7885024	2.599334	-0.6467178	0.3001812	-1.641815	1.226032	1.3716	0.5884588	2.175443	1.467231	-1.095674	0.8010018	1.62286	-0.2765323	-3.981053	1.543348	-1.554674	1.000738	-1.107443	0.5692211	0.509581	1.80607	1.659393	-3.059156	-1.3283	-0.09259562	-3.236245	-0.3807591	-0.4696313	-1.357227	1.099946
0.5590721	-2.027146	0.3093542	1.229565	-1.706837	1.988875	-0.3194479	-1.762277	3.902837	1.521904	1.987453	1.874199	1.540278	-0.672376	-0.1644123	-0.9785062	-1.516124	-2.171547	-1.827834	-1.108894	2.464263	-1.398642	-1.571951	2.226986	0.3833251	-0.7102723	0.1316682	1.808232	1.38501	-0.1189322	0.7163105	1.261015	0.3732347	-1.107307	-0.6317389	-0.7879952	-2.327546	-0.5607141	-2.619241	1.568131	0.03311631	0.03181268	-1.119451	2.259898	2.184841	2.751239	0.2292824	-3.011603	-1.471804	-1.252415
-1.835487	-1.265401	1.077367	1.808267	1.469835	0.9929614	-0.3368381	2.141237	0.4803928	2.25977	1.166701	-1.951938	1.906476	-2.258799	0.8181265	0.8671611	2.583521	2.543819	3.825834	0.9530102	1.457025	-2.298596	0.009745832	1.121358	0.2993946	-1.406103	-0.6554368	1.303403	-0.8835233	2.053213	1.937308	1.776715	1.359748	-3.374118	-1.010319	-1.265841	-1.08336	0.4554804	1.154762	-1.23045	-1.517334	0.6144182	0.9108815	2.620764	1.74347	-1.816783	2.234099	0.05546293	-1.294431	-0.3226638
