-1.69912	-0.9491819	-1.352492	-2.355427	1.651322	-3.011559	-0.4169371	0.2181128	-1.351831	-0.3332449	-2.253086	0.5954356	-1.898953	-1.708656	-2.753665	-0.777825	2.479153	1.860251	2.775934	-0.2733994	1.649561	-1.889173	0.4271782	0.4625489	-1.297582	-2.249304	-0.30386	1.765667	1.363516	0.864471	-1.321758	2.033618	3.56002	-0.5950468	-1.630115	1.703921	1.442701	-0.496411	-1.936315	1.470378	0.9316143	2.802798	0.8269489	-2.401746	-0.2628392	-2.773071	-1.338458	2.452384	1.948995	-3.031737
0.7545905	-2.212939	1.16886	2.926279	-3.257647	-0.804191	-0.4873344	-0.4451726	0.8975602	-1.182788	-0.9186517	2.505814	-1.414092	-0.7861423	1.914009	1.181961	-0.2316789	-0.08129272	1.477092	1.664631	1.278165	-1.026829	0.7143314	-0.830667	-1.976929	1.862365	0.4075984	0.4663034	-1.60568	-0.4076721	-1.413245	-0.5805709	0.9070188	-0.2568208	-1.57268	0.9873122	0.272017	1.429752	2.518092	0.09049823	0.101497	-2.126622	0.6997885	0.8507436	-1.138906	-1.566242	0.2177839	-0.761407	1.639123	-3.212102
1.524724	1.681651	-1.696708	1.549919	-1.681351	-2.037658	-2.134044	0.9407181	-1.683182	-1.832904	-0.4891867	0.5865237	-1.817244	-1.6559	3.673463	-1.32444	0.8918336	-1.094816	-2.558858	0.2327243	-2.933213	1.67007	-1.931455	0.7897644	-3.354257	1.597548	2.331981	2.680392	0.7661811	2.36432	1.930314	-1.471145	-2.662683	-1.713372	1.239363	-1.466625	0.9515893	3.441707	-1.555337	-1.285393	2.421077	-0.8635368	-1.178501	-0.2248065	0.9739156	-0.8984937	-1.304905	-0.6796948	1.312618	2.800127
0.8540554	-2.378011	1.913795	0.1724679	-0.3073552	1.495291	1.658855	-1.488144	1.590214	-2.642646	2.587713	-0.5490115	0.95199	1.643622	1.202665	2.435155	3.207809	2.337468	0.4595602	0.8439048	-1.855593	1.477182	1.756595	2.505018	-0.4068527	1.260686	2.97146	0.9808543	2.387997	1.82044	1.147626	-0.4320793	-1.688213	-3.058501	0.9348737	1.056189	0.491732	-2.287854	2.946973	-3.787864	-3.35766	1.543633	0.9908953	2.284222	0.8930312	1.505516	-1.08277	-2.447297	-0.8758895	3.173447
-1.786172	0.03209092	1.418408	4.465306	0.5243729	0.5109893	-1.293113	-0.5879562	2.301167	2.232354	-0.03014322	0.7176596	0.7533142	1.219361	-3.670088	-2.330656	1.247262	0.9139833	-0.8696569	3.122741	0.5132407	-0.716709	-1.44664	1.170583	0.2529202	1.889808	-1.293582	-0.1742661	1.872601	1.627	-0.04832602	0.7622439	-2.937074	1.724789	1.501554	2.968395	-1.674112	1.52505	-1.800926	-3.29799	0.2531894	-2.17853	0.3154376	1.199473	3.060153	2.040213	-1.874597	-1.304194	-1.170664	-4.621083
-0.8807503	0.7149855	-1.677395	3.769528	2.982363	-2.829193	-5.507682	1.27808	-1.336873	2.9148	1.631349	-0.7241747	-1.033451	1.228137	-1.583932	-1.595495	-0.3856399	1.159824	1.616152	-0.2280775	1.107994	-0.732304	-2.662244	-2.347205	1.985915	-1.5381	1.743101	-1.201658	0.688266	-0.09491794	1.81619	1.820012	1.614564	0.4765025	0.8388391	1.341996	-2.146928	-3.11719	0.4805038	-3.089249	2.280224	1.798476	2.312327	1.766654	0.7610622	-4.245716	0.5931825	-1.196421	-1.661484	-4.367471
1.705834	1.411975	1.760519	-0.3618189	0.3933725	2.492358	-1.333975	0.6826908	-1.611125	1.022962	-1.77224	-1.667132	-1.191786	1.901563	0.4196633	-1.606507	0.5917494	-1.566329	-2.162176	0.3365572	1.968904	-1.367347	-1.572148	-2.568506	-0.9004692	-2.229765	2.097004	-0.6662336	0.9416278	0.346993	-1.352915	1.465628	-0.1620051	-0.9144723	0.9516486	-1.124943	-0.1304541	-2.854081	0.7214615	-1.688815	1.323416	-0.03873598	-1.9167	2.884742	-1.262722	-1.537687	0.5524527	0.1686165	-0.6549236	2.523014
-1.466992	-2.408459	1.340206	0.008302632	-0.0642105	-0.5567848	0.2216444	1.401119	-2.169457	-2.894903	-1.50442	-1.478247	-1.781062	2.092012	2.449751	0.1208218	1.481171	-0.468166	-0.1173143	2.227834	-0.2697273	-1.334094	3.129133	-2.45724	1.071603	1.587905	2.919352	0.4112219	-1.214298	-0.02404216	0.3320067	0.2669271	-2.493182	1.437842	-2.054278	-1.010395	-1.783363	2.714532	0.5840809	0.006535427	3.685482	-0.5150623	1.912186	-3.753554	2.833545	-0.4344108	-0.7120041	2.314026	1.221207	2.744386
-1.190409	-2.555086	2.270605	0.419312	0.3188705	-0.9461643	-6.454114	1.797044	-0.8659682	-0.7106465	-2.107301	0.7220883	-1.297077	-0.9641242	-0.7515751	1.711725	-2.63878	-2.424084	-1.890326	1.498269	1.283747	-0.5312875	-1.139591	-2.033966	-1.17064	-0.3172476	-1.063191	-2.880765	1.936878	1.817623	0.03294715	-1.489961	-1.001263	-0.908108	-0.9620728	0.6108617	-1.814654	1.46052	-1.297722	1.112614	4.223364	-1.836797	1.501902	0.9235832	1.67435	-2.821217	-0.9765141	1.632467	-1.325434	3.879876
-0.9862873	2.523785	1.593319	-2.621453	0.3412482	-0.8189856	-2.943738	2.205064	3.370448	-1.844802	-0.9289937	-1.694754	2.04002	-1.601282	2.777144	-0.4575525	-0.3296793	-1.623443	-1.87748	0.4920894	2.23548	1.266406	-1.206322	1.435485	-0.7659372	0.1554926	3.446217	0.4633472	-0.4298703	0.8250741	1.003877	-1.072615	-0.6731871	1.48361	-1.029549	-0.4950859	2.025252	-0.02795272	-1.678518	-2.171137	-0.236141	-1.47626	-0.5580419	2.210782	-2.874243	-2.910596	0.04805876	0.2324186	-1.520045	4.81888
-1.190727	1.75161	-0.3515244	-0.007723259	2.340636	-0.1010888	4.11657	2.022433	2.415095	0.2847921	-1.663533	-2.673399	-0.4089571	-1.522893	-0.7205108	-1.108425	-1.080954	-1.531765	0.3746523	0.2102151	0.7507731	1.33288	1.187924	-2.070415	1.525553	1.116912	1.757884	1.874967	1.821735	0.5319432	1.688193	-0.5653425	-5.489938	-0.6205881	-1.794316	0.2070883	0.3864021	-1.418537	-1.899648	-3.002694	1.298623	1.248921	-2.03051	1.850407	-1.666013	-0.8716012	-2.083394	1.209189	-1.1697	3.902658
-1.846527	0.4953762	-1.545462	3.592298	-1.458612	-2.545483	2.779263	-1.301971	1.373428	-0.7297223	-2.336467	-2.398523	-1.483938	1.734512	0.9644842	1.39908	-2.201871	1.397203	-1.479566	-1.316651	1.056345	1.001652	0.09238546	-1.107592	-1.324529	-0.9183478	0.4814748	-1.860861	2.514559	3.753896	-2.826965	-0.4749541	-2.877623	-0.3120771	-1.437568	1.704702	1.028681	-3.007917	2.46221	-2.492705	2.299523	-2.567124	1.669605	-0.8566253	1.186566	-2.655729	-0.1130652	-3.49902	1.340688	4.903187
1.637474	-0.2324012	0.1264965	0.9396086	-0.9959764	1.674893	0.3096612	0.5889541	-1.099282	0.9602629	1.127357	-0.4999181	-1.03933	-1.209697	2.748064	0.8256555	2.843114	2.398571	-2.182017	1.342269	-2.691158	1.618507	2.252548	-2.55732	0.3325502	-0.7932002	2.505406	0.2571179	0.05871186	-0.6046706	-0.03087891	-1.102008	-0.2531192	0.7466376	-1.018446	-1.440524	-1.448624	-2.809996	-1.636386	-1.934557	2.626736	0.6331219	0.9396491	2.454019	-3.049427	2.232502	0.3807195	-1.094414	-0.8643678	0.355567
1.647436	-1.168376	1.758499	1.874111	-0.05524885	-2.45122	1.660338	2.010451	0.6594259	-4.750404	-0.7640179	0.9664715	-2.053522	0.3417312	0.9188895	0.776235	1.471087	-2.3373	-2.04404	-0.6266924	-0.3598338	0.4113022	1.914626	-0.3411099	-2.857492	-0.1931456	-2.630043	-0.9087663	-0.7376205	-0.2034769	0.4748374	-1.969214	-4.510405	0.1973164	-0.7254845	0.8975618	-1.645036	1.49597	-0.7069609	-0.8077382	0.06337155	2.297186	1.028293	0.6168328	-1.782146	0.6860239	0.8745047	-1.951818	1.553505	1.653675
-0.5178447	2.682848	-1.894785	-2.083188	0.4929533	-0.09884605	2.667951	-2.386339	1.182281	0.705223	-1.484553	-1.253907	1.500418	1.797906	-2.19609	2.245834	0.5161826	1.332761	0.1221368	-1.603273	0.876227	0.5811298	1.929367	-1.269497	1.893775	2.527424	-0.7906197	1.945338	1.744252	-3.136162	1.507263	-1.897023	2.670397	2.458021	1.368299	-1.235267	-0.5385466	-1.935521	4.352564	-1.257928	5.930533	-0.9845267	-1.793686	1.897805	-1.407448	-1.609016	-2.821937	-1.842741	1.215917	-1.605026
-1.430745	-1.086683	1.536384	-0.4004965	1.649159	1.205467	4.480052	1.574151	-0.05018093	-2.597315	1.788071	-1.696611	2.376138	1.24167	-0.6915692	1.341766	-3.25165	-1.744955	-1.090087	-1.698299	2.1248	-0.8165657	2.499062	-1.699236	3.052516	0.2467041	0.8267796	0.03466537	-1.126852	1.632483	-2.900924	-1.162397	-0.9676086	-1.215596	1.58756	-0.5473185	1.751762	-2.557094	-2.216594	0.2985072	0.7884725	-1.105781	-0.8733447	0.08849643	-0.9174116	0.7016202	2.17418	0.8786445	-1.84438	-2.466054
0.7375772	-1.330146	2.370832	-2.08629	-1.008242	-2.739645	1.604743	0.06706652	-0.3305003	-1.866337	-1.342862	0.2750594	-1.620571	-1.032654	1.218536	-2.027911	1.96048	0.6090923	-0.3208611	-1.88247	-0.001146155	0.4542188	0.01181274	0.3122105	1.080747	-1.658316	0.2723888	-0.05250209	-0.3474358	0.4606234	-0.02831666	1.016167	0.1762581	-0.8581943	1.455774	1.517069	0.8406094	-1.102886	0.848086	0.4806559	1.009015	-2.347068	-2.745517	0.3914596	-1.40147	3.303482	-2.179535	1.228864	-1.350397	2.404341
1.74119	0.8827413	-0.4686633	-1.798497	1.986548	-1.11741	2.421358	-0.7675892	-1.703769	-3.141407	1.473678	-1.505338	-0.8148303	-1.428751	-1.686536	-1.081436	0.4212943	0.1562417	-1.186944	-1.438924	2.458043	1.417567	-0.9311694	-0.3043953	0.3664941	-1.221426	0.7765778	1.440707	2.089843	-1.520014	1.768298	-1.067209	-2.373218	-0.9277185	-2.436567	1.590024	-2.568819	-0.9096614	-2.786852	-1.61598	3.794552	-1.343584	-0.5390855	1.797761	-0.7446203	-1.726143	-0.32944	1.13993	0.52581	-0.9471795
-1.296731	-2.039803	2.473598	0.4602602	0.5880687	-0.2256795	1.506201	-0.9381007	-1.564728	-2.867916	-2.637211	2.427966	1.565976	1.976928	0.9321659	1.6219	-2.517008	0.8292278	-0.5293488	-2.618781	-1.254858	2.538536	-0.3295686	1.516833	0.9268662	2.417287	-0.7153306	-2.386119	2.192666	0.6345557	-1.498459	1.319799	1.805185	-0.4828107	1.566764	2.103763	0.7729379	2.777594	-0.4160798	1.661977	-0.4235356	-2.350717	1.191139	-2.310736	3.633056	-1.841895	-2.076114	-2.442972	1.698075	3.030806
-1.080673	-0.6891778	1.078734	-3.53653	0.3662225	-1.105495	-1.320421	-1.320363	2.906409	-0.6254544	-0.8395267	-1.764473	-1.095167	1.345439	-0.5857281	2.72672	0.55203	-2.817745	1.663769	-0.4295836	0.6664879	0.9542428	-0.7379403	1.461596	-0.7450819	1.50703	2.173003	0.07250909	3.559628	1.137047	-3.363099	1.67713	-2.411524	1.790723	-0.9135605	-1.310523	-0.06503937	-0.2775999	1.219518	0.9777135	0.7858289	-0.8073546	-1.921371	1.088321	-2.603657	-1.576669	1.236729	-1.008	-0.4972745	0.2549142
-0.8349308	1.882743	1.302562	2.087901	-1.200676	-1.605244	3.73114	-0.6957552	-2.546797	-2.999216	-0.2185675	1.184625	1.751816	0.9360581	-0.5281679	-1.81054	-0.3180652	0.3427743	0.3243615	2.683285	2.795715	-1.655057	0.9093273	-0.4588647	-2.782035	0.2923303	-1.699319	1.500491	0.2395546	0.1573439	-1.846138	1.855946	0.582525	-0.08290525	1.038265	2.746119	2.747321	0.7696764	0.8621958	-1.847956	0.5939774	1.483577	-1.407606	0.6600564	2.076255	-0.2591907	0.8854868	1.104188	-1.968754	-1.366279
-1.179746	-0.4882841	1.641824	3.874929	2.039922	-3.400007	-1.157661	1.468649	2.334294	0.009555486	0.2118026	2.110755	0.7942586	-0.6062672	4.054685	2.081842	0.6461193	-2.355147	-0.5846072	-0.3404321	2.837693	-1.881371	-0.1511053	-2.222604	0.7854578	1.536796	0.570425	3.161751	-1.231565	-5.190111	1.502812	1.987114	-1.99112	1.727396	-1.820234	-1.830706	0.2369116	-0.5033048	-1.332603	1.832217	3.200043	1.291888	1.579329	1.574656	0.03977161	0.04743072	-2.25126	-1.997011	1.312427	0.8598728
2.471764	-1.920462	-0.7646885	-1.824087	1.714265	2.733	-1.144293	-0.4033898	1.929449	-2.425931	2.869432	0.4077255	-0.9719052	-1.115856	-0.6657884	1.782303	-0.5092068	-0.6067983	0.836045	2.903407	2.255534	1.534762	-1.06282	-0.8713975	-1.09057	-2.080555	-0.3133236	-2.588098	-1.914763	-1.505745	-3.141084	-1.523363	1.927417	-1.92339	-1.5362	0.9264734	2.580322	-2.285293	1.678107	2.439181	-0.1521474	1.15033	-1.149448	-0.5111353	2.417399	-1.355277	-1.601941	-1.944162	-1.110851	3.04055
