1.86511	0.01908447	-1.284752	2.964091	-3.157071	-2.514764	-2.786199	-2.6937	1.736596	2.653998	0.7155315	0.4917548	2.363936	1.913987	-1.961726	-1.43904	0.8273515	1.577718	3.436242	0.6551668	1.015912	-0.7518052	-1.304129	-1.048727	-0.6037253	-1.549194	1.671464	-0.6165072	-0.9846927	-1.008932	-1.988505	0.3135773	-0.1995556	-1.224905	-1.205171	1.072723	3.109785	2.199061	0.829843	-0.5884679	-4.092071	3.097514	-0.5840067	-2.377381	-0.5217604	-0.5807688	0.4438482	-1.835914	-1.244545	-4.325238
-1.290509	-0.1570526	-1.481874	3.395477	-0.3743566	1.72316	0.09579795	2.184422	2.609118	2.342974	-2.520098	1.125128	0.6719217	-1.351512	-1.019998	1.135483	-0.1096597	1.419554	-1.034541	-0.9519991	3.029167	1.088694	-0.8830157	0.9791539	-1.413254	-1.037386	-1.743311	-1.088965	1.658643	-2.863055	0.8232033	0.3222033	1.494512	-3.293463	-1.592759	-0.6216967	1.313886	0.5706463	-0.7075777	3.140627	2.719263	0.3450942	0.5111032	-2.688235	1.083734	3.796742	2.211043	0.3385825	1.598251	-2.726623
2.183653	0.8629674	-1.961901	-0.9302982	0.6642068	2.969953	-0.9671534	-1.508701	-3.584556	2.178529	0.9457139	-2.23348	-1.544595	-1.508242	0.1471679	2.167699	3.780434	0.02928975	-2.174223	2.285046	2.027587	-0.7748911	-1.929853	-0.8226169	-2.360556	-1.818212	-0.9667339	0.02525555	-1.185405	-4.078074	-1.670532	-1.02655	-1.181128	-3.320983	-0.6127587	-1.061393	1.522476	2.701558	3.062603	2.78246	0.08594236	0.9176872	2.75419	-2.948108	0.7719426	0.3571097	0.7891506	-0.3533157	-1.924754	1.726382
1.191184	0.8067612	1.573797	0.6456519	-0.2082053	0.5936251	4.090332	-0.03481012	0.9827127	0.8456801	-0.1942819	1.162773	0.8862493	-1.749039	1.321741	2.240082	1.225968	-0.7080884	0.794072	2.931487	-2.184565	0.4803127	-2.047863	0.3295871	0.6183013	1.276567	3.183717	-0.72473	0.9385943	-1.089083	1.676119	1.941088	1.946779	-1.468022	-1.746162	-1.992436	-0.4996479	-1.809111	-2.473822	3.909409	-1.581964	0.4610843	1.741993	1.435647	2.046232	2.411674	0.8671368	1.798696	-0.4703699	3.782538
1.714013	0.9190193	2.906174	1.799119	0.9300137	0.1352844	0.9268491	-1.006493	0.937874	-0.1115407	-2.027299	2.597465	1.628501	2.191968	-3.422611	1.710934	1.994993	-1.359843	-1.232679	-1.031886	0.3508901	-1.416008	1.48261	-1.015944	2.000185	1.069408	-1.722424	-1.523127	-1.767623	2.296117	-0.7434473	-1.617289	1.211449	1.897805	-1.940224	1.459324	-0.4470562	1.441764	-0.5317804	-1.202666	-0.2498279	-1.422636	-0.6881707	1.089809	-0.48989	-1.709059	-2.584224	-0.4432128	-1.419104	-1.948411
-1.007093	-1.1787	-0.4643176	2.046278	-3.137306	1.055666	-1.799475	-2.626684	0.9516002	-2.068535	-2.469379	-1.336286	2.054418	-1.611718	1.430468	-0.07217204	0.01010315	-0.7210259	3.603964	-2.526239	0.9301995	0.9811899	-0.3716284	0.7252969	-0.9425877	1.474218	3.725133	-2.215234	-2.827652	2.78563	-2.863365	0.5630107	3.747314	2.523319	-0.9156859	1.771432	1.382454	-2.002257	-0.9930275	-2.930156	-2.056936	1.413551	0.3415779	-0.5525852	-2.476279	0.05963245	-0.1639479	-1.016931	-1.311469	-0.5468467
0.2952652	-1.533953	-1.145354	1.088288	0.2957058	0.4499018	2.647709	-1.112249	-0.08974308	-1.524484	2.156328	2.602443	1.277803	1.413022	-1.562154	-0.2356486	1.923569	1.637551	0.4893103	-0.3791252	1.615913	2.034538	-1.538321	-0.1020782	1.571083	0.03536671	0.1594818	-0.2283609	-1.693997	3.096314	-2.293576	-1.448678	-0.7545094	-3.504525	-0.9648837	-0.2297533	0.1698811	-2.479403	0.2156415	-2.193914	2.925618	0.9123387	0.43935	2.346771	-2.62014	-1.392482	-0.3502248	0.5553559	-1.929978	-4.771091
1.851787	2.594751	-2.218669	2.310803	-2.329595	1.109855	0.6386379	1.146183	-1.443394	-0.9037827	-1.856367	-0.6456019	-0.8840543	-1.354507	0.7358048	0.7573127	-3.421757	-2.831675	-0.4840522	1.563087	0.5098879	-1.990653	-1.609277	0.2199493	0.2136358	2.071814	0.797655	-1.218521	1.88905	0.5484105	2.492002	-1.097965	-1.905849	-1.322937	1.32576	0.327879	-1.242341	-0.05893314	2.77578	-0.4275828	-2.297458	-1.355414	1.706178	-0.4561946	1.070374	2.081069	-1.415085	-0.2354846	1.206495	1.045382
-1.493108	0.6549857	0.9257755	0.1553091	-0.4337034	-0.515183	0.1558367	1.364236	-3.100089	2.674177	1.552729	-0.5211251	-1.768782	1.098466	-2.08011	-1.072626	1.610556	0.02532872	1.998966	0.1516437	2.36739	-1.951752	-1.854695	-0.2205105	1.16418	-2.325131	-1.090133	-2.73226	0.587493	-2.873019	-0.9156827	0.7392473	-1.991888	-3.347536	0.7870885	-0.9505855	-0.8445412	-0.6925412	0.02207095	1.825463	-1.807852	-1.389018	-2.23966	1.480778	0.8736261	0.7696775	-1.285409	0.4660179	0.9238091	-0.773048
1.947167	2.117505	-1.033046	-2.125377	-1.094913	0.443566	0.7190374	-0.5219758	-0.3143826	2.084581	1.14295	0.7309778	0.8938807	-2.071475	-0.7536621	1.217318	-0.9434361	-0.4420745	-0.592689	1.933777	-3.215706	-1.562654	-1.979667	1.073745	-1.208777	-0.9660136	2.353027	-2.857347	-1.561431	0.2471413	0.550357	-1.345772	3.461514	-2.694399	-1.534283	-0.6535753	-1.396664	-0.4717084	1.720716	2.23615	-4.037742	1.13461	1.09527	-0.1235785	2.159559	1.782646	-0.1959494	0.2198976	0.3632275	1.076869
-1.357299	0.5461958	-0.8454756	-0.2527749	-0.777081	2.772695	-2.857884	1.15089	-1.110049	3.434687	-4.149624	-1.1149	-1.232234	-1.86233	1.521593	0.1943975	1.31459	0.7266115	-0.01574209	-0.4057355	-1.081077	-0.2240728	0.5526157	-2.040655	3.607555	1.122967	-3.047084	-0.52008	-1.90183	1.644542	-0.3516016	1.545067	-0.05810954	3.691008	-0.7209574	0.04324009	-0.3062536	-1.307523	1.820272	2.870203	1.940306	-2.256652	-0.7411708	2.009454	0.3417722	-2.548566	-2.392324	0.9934212	-1.168391	-0.7854278
-1.675866	2.480565	-0.002951032	-0.1796187	-2.467175	0.9456082	0.2410791	-1.927024	-1.194179	1.699339	-2.47691	-1.503582	-1.504004	-1.343584	-1.011352	1.673339	-2.33912	1.659514	-4.024546	-1.819635	-2.741776	-0.5151411	-0.1253097	-0.7732806	0.4027786	-1.825302	2.373908	-0.9938001	-2.343563	0.3094266	-4.312023	-1.184065	0.7573208	0.4294899	-1.432302	0.8523906	0.05669638	-0.3077034	-0.4397756	-3.197144	-0.3149076	-1.775234	1.957698	3.126881	-0.4617118	1.682045	-1.662937	1.471944	-1.441319	-0.03448864
-0.9566014	-2.334767	-0.03970159	0.07935942	-0.2111649	2.036287	0.1142694	2.217006	-0.09139101	-0.8143079	0.1810135	-1.145276	-1.770239	-1.606978	3.299467	-1.179601	-2.182797	1.387696	-0.9903436	2.346624	-0.1055241	-0.3602159	-0.6293198	1.849643	0.01298591	1.085183	-3.041587	0.3425693	-1.845943	1.808752	-0.435995	2.220167	1.830904	1.868902	1.726761	-2.125985	1.463026	-3.031641	-0.5077811	0.4645841	-0.6716609	-1.313255	1.775256	3.083539	0.2744628	-1.175276	2.068939	0.9381047	2.332	1.299522
0.941116	-1.648111	-0.4416223	-1.966809	-2.019052	-1.954343	-2.888675	-2.673078	3.90844	1.856339	0.5660722	-1.15093	0.9048995	0.9538687	0.6165984	-2.336778	1.623362	1.268998	-0.591434	0.6298176	-2.544228	-1.093718	-0.5096154	-1.002447	2.868443	2.14542	-0.3713645	0.71254	0.7085762	2.165563	-0.3805169	0.956143	1.703914	1.414088	-1.321982	-2.412718	1.19677	0.2966668	3.087452	-2.859845	-0.469114	-0.8100857	-0.9624101	-1.950912	0.7031135	2.558047	-2.563551	-0.5913213	1.376747	2.486167
-1.023771	-1.573638	0.8106672	1.75851	0.6312119	-0.7524307	-0.5587917	1.910658	0.7721593	2.346065	1.198626	1.415589	0.9319007	1.226861	0.827629	-1.643041	-2.108097	-1.936361	1.647344	2.125254	-2.238966	1.072112	0.6503108	1.757657	-0.0006231079	1.00959	0.4475117	1.999349	0.6599275	-2.459577	3.713098	2.243488	0.235093	2.549155	1.756651	-1.27892	-2.145943	0.192876	-0.8445058	-2.595225	-1.468256	-1.800717	0.97217	2.297853	2.278525	2.618323	-1.006357	-1.695413	1.478962	-3.546171
0.1619621	-0.5244994	1.80611	-0.06638015	-1.768358	-0.1783804	-2.748149	-0.463149	-3.445019	3.385942	1.993603	2.483269	1.020533	-0.6171734	0.2959146	-0.8574042	-1.277856	-1.185493	1.392941	0.7222494	0.5884576	-2.156286	0.06267962	1.241204	2.524465	-2.230096	-1.608924	1.734996	-2.66357	-1.126041	-1.132113	-0.9835335	-0.2587712	-0.2062308	1.662415	0.5782982	3.186767	1.365762	-0.9113168	0.2360774	-1.151818	0.2484782	-2.468287	-2.739661	-1.384931	-1.315253	-2.42464	-0.02841256	-0.505288	1.88491
1.243177	1.663477	-2.816499	-1.735463	1.531609	2.006643	-1.090416	0.4467437	-4.33973	0.8160108	-0.01801781	0.01049969	2.043441	2.133775	-2.019747	-1.252551	0.2321967	-0.9974155	-0.1919207	0.6789192	1.113842	-2.508765	-1.323754	1.039881	2.919225	0.7484776	2.30236	-1.019056	-0.3068508	-0.5798076	1.9983	-1.47053	2.931602	-0.06844373	-1.682916	0.1383813	2.314506	-0.4074548	0.07299026	2.12551	-0.5254764	-0.7085227	0.8886635	3.269963	-1.926718	0.1234135	-1.760593	-2.436644	-0.3993433	-3.51383
1.991926	-1.631782	-1.774781	0.4745051	-0.5610318	-0.3893138	0.02866378	1.461883	1.425944	0.1697173	-0.9955974	0.6631138	-0.3750151	0.8820752	0.963987	0.8093962	0.2616847	-1.176778	-0.3221865	-1.345518	-1.956665	1.122125	-0.8573135	2.849564	1.157743	1.282469	-0.9079829	1.737006	-2.397726	-0.8461918	-1.628061	-1.469198	-3.095042	3.522487	-2.192148	-0.4717685	1.669271	-2.222487	-4.094698	1.27422	-1.575663	0.5417078	1.84336	2.942966	2.243562	-1.244367	1.223149	-2.350142	0.5980357	-1.115798
1.1796	1.598345	-1.197271	2.424758	1.074973	2.53501	-0.03584422	1.896808	0.5803212	1.862904	-1.950512	1.33608	-1.719299	-1.616525	0.1727282	1.880059	2.153042	1.492915	1.172626	2.311137	3.121114	-0.9172658	-2.422493	2.050171	2.777322	1.372609	1.095463	-1.881551	1.049319	-0.6265283	-0.4322265	2.127759	1.228419	-0.5717186	-0.75321	1.700679	-0.5647879	-2.20761	0.6198563	2.054116	-1.477724	-0.1918139	3.488456	3.016383	-1.991377	3.775102	-1.946334	1.118354	2.099634	0.8097625
0.2996661	0.8766554	2.563014	-2.025323	-3.032207	0.2427112	0.1757006	0.1158309	3.211906	1.211387	-1.381728	-1.353078	0.2219619	1.609396	1.225399	0.3264584	2.206415	1.920271	-0.3620831	1.579227	-0.1011244	-2.206922	2.309595	0.3831105	-1.522445	1.409439	-2.331901	-0.797376	-1.209804	5.326451	0.8414685	1.929393	1.47552	2.685388	-2.231094	0.8517848	1.486506	0.3895547	-1.270171	1.718521	1.523681	-1.368753	0.01273867	3.782701	1.341955	-0.8624196	-0.02231997	-2.189515	-1.072766	2.064586
-1.553117	0.1773097	1.713864	-2.235364	1.13769	0.7510425	-2.336118	-0.1119349	1.97625	0.9748702	2.339862	-0.03307044	-0.8814351	0.612617	-0.9494996	2.115826	-2.071624	-1.961681	3.185368	1.503709	-2.187821	2.226544	-1.687892	0.4951971	1.814554	-1.203036	1.809094	0.03909534	1.498557	-4.839268	0.5192247	1.086674	3.794834	-0.2904789	1.386	1.833966	0.9576729	0.525656	-2.0489	-3.057902	-3.250819	3.563733	1.878197	3.128154	-2.507628	0.249004	-2.793532	3.632857	-2.111057	0.2789332
-1.792594	1.103607	1.600628	2.71724	0.087823	-0.8749921	0.8253348	1.824476	0.5234917	0.6097428	0.4396313	-1.611253	1.579587	-1.401462	1.984602	0.7744081	1.559989	2.133957	2.086969	3.190337	-0.5611689	-2.129112	1.189365	2.054558	0.9633379	1.329045	0.7488757	0.6024429	0.1987895	0.6682678	2.461456	-1.949808	2.07326	1.186923	1.831677	2.452368	2.828284	-1.924049	0.3882896	5.213415	1.093749	1.834534	0.1322144	2.32296	1.39267	-2.062232	0.01563065	-0.6698626	1.320548	-0.664479
-0.3395017	-1.945635	0.472175	-1.417945	1.485306	-3.456731	-3.749046	-1.774855	-2.616167	-1.715399	1.627477	3.257689	0.6778815	-1.081563	1.328417	-2.177256	0.03483507	1.179345	0.7718592	-2.625957	-0.7620429	-1.318466	-1.277547	-0.146168	-0.334335	0.9450505	3.949286	-1.154232	-0.6069499	-1.273062	0.7607311	-1.185573	-2.696191	-1.427187	-1.223252	-1.532839	-0.4829711	-3.032971	3.968897	-0.07926814	-0.3418182	-0.8584141	-1.999835	-0.188128	-1.845079	1.151388	1.34376	-1.56141	-1.205655	-2.270112
-1.090391	-2.074166	-1.411865	-0.9254342	0.6131444	-2.22561	6.043259	-0.04255418	-1.569225	1.667416	-2.884385	1.713337	1.306964	1.214959	1.06669	1.343396	1.961262	-1.190172	0.1046829	-1.126829	0.03293947	-0.5847406	1.536647	-1.536923	0.1297213	-0.8959162	1.087447	-1.65627	-0.7986517	-4.337568	-0.7313542	0.6309423	0.8496188	-0.9714435	-0.5405517	0.5036833	-2.058322	0.9305292	-4.226611	1.029343	-2.287573	1.457872	0.960837	1.572732	-0.4113699	-3.433675	3.693612	1.228716	-1.430513	1.516856
-2.085365	1.898294	-3.200467	-2.757942	-2.067398	3.122711	-1.629272	-1.443407	-1.275907	3.422564	-0.8760084	2.429093	-2.031515	0.09925399	-1.00582	0.8235282	-2.299123	-2.143191	0.2911408	0.5202941	0.2737955	-0.5789132	0.9800363	3.081502	-0.7080126	0.1293918	0.2021407	2.338277	-2.206187	-1.084537	-2.598697	-0.7090677	-0.3230209	-2.276856	-1.873304	-2.293169	0.1947324	0.8861858	-0.7338791	4.485756	-3.74438	0.327896	0.1312179	-0.3876778	1.332219	-0.2874485	-1.229383	2.476832	1.30739	-1.626044
-0.9154027	-0.360402	-0.532227	-3.484449	0.8658944	-2.20523	-1.932522	0.03484004	0.2067615	1.150111	-1.904974	0.3771719	0.7866364	-0.4916238	3.093665	-1.246014	-0.617818	1.828027	-0.381352	-1.464585	1.945826	-1.184064	-2.241947	1.450657	-3.833004	-2.066618	-1.733145	-2.170192	2.555227	1.116229	3.531547	-0.8464944	-2.373184	2.314605	1.872531	0.9603738	2.230648	2.328591	0.2904741	-2.720576	-0.08048453	1.43074	2.380527	-0.1936899	-0.3882871	2.487963	-0.5472093	-1.472558	1.264672	-0.5342477
