0.8601013	-0.9361413	-1.49293	-0.2297507	1.207587	0.797263	0.3456436	0.01799232	2.268368	2.435747	-1.445063	-0.004002126	1.53046	2.21288	0.1005077	-0.1042009	0.8112517	2.204574	2.289329	-2.872644	3.160045	-1.162265	-1.294419	-0.823128	0.3882755	-1.390013	0.6144283	-0.6983656	0.900734	0.3317891	-0.4860264	-1.200452	1.365131	1.395032	-2.174012	0.9067246	-1.739389	2.59537	0.7407925	-1.354933	-1.100219	2.783308	0.8479621	-2.483655	1.946051	0.5878477	-2.284736	-2.718057	-2.088677	0.5457976
-2.202094	2.187716	1.93231	-2.107573	-1.004709	-0.5861224	1.058289	0.6426764	2.475981	0.1756328	-3.45086	-0.5522386	1.443803	1.465777	0.8853349	-0.6131149	2.081547	1.616224	-0.7059921	2.317115	2.059293	-2.304125	-1.901647	0.73996	-3.649717	-1.521082	-0.6046931	-1.257442	0.8466537	-2.905931	-1.558581	-0.3093997	-0.8262724	0.03655729	0.8867771	-1.667723	-0.7892415	1.1756	-2.043541	-1.020678	-1.061054	-1.34594	-1.556511	-1.073721	-0.4889689	-0.491293	-0.4872995	-0.5926586	-1.304505	1.948588
-0.7383335	1.580107	-1.875907	2.173159	0.8280769	0.1978775	-3.736904	-0.2360604	-2.926555	1.488378	0.03227662	-1.959596	-1.032922	0.3885798	-2.37299	2.402123	0.3428199	3.28709	1.242916	-1.397051	0.6762396	1.99004	1.808721	-1.226865	-1.381832	1.624881	1.859592	1.80186	1.819903	-1.089244	0.4762657	1.846369	-2.618321	-2.735257	2.044693	2.028759	0.008014309	2.356395	1.10826	1.635951	1.238195	-0.1955339	1.493617	0.3446325	-0.4042141	-0.3541502	-2.18638	2.568968	0.6889111	1.034386
-1.860673	0.1742518	0.5365935	0.2075383	-1.482655	-1.519497	-3.523305	-0.914334	-3.213961	-2.194898	1.661838	0.3033082	0.9665931	-2.049573	0.9860635	0.1027625	-1.011178	0.7640969	-0.3922403	1.338755	1.684374	-1.350169	1.885289	-1.307729	1.532662	2.03037	3.049344	-2.538502	0.8249315	-1.046299	-1.654739	1.571614	1.860352	-3.763742	-0.6242732	2.221478	-2.282781	-2.64074	-0.9854963	1.341504	-3.940171	0.5139476	0.2509697	-1.086067	2.833889	-2.956181	0.7151882	-2.473348	-1.148169	6.272526
1.861976	0.09837637	1.783211	1.444314	-2.694326	-2.42313	-0.2556562	-2.363932	-0.9371353	0.4597066	-2.941131	-1.630864	-0.5377791	-0.722723	0.7794456	-2.563067	-0.3109483	-2.11188	-2.881932	-1.580963	1.262989	0.6166845	-1.37222	-2.323104	0.3948303	-0.7068843	2.798434	-1.947417	-0.3106085	1.850989	1.600546	-1.062713	0.1367263	4.175835	-0.9596521	-1.032681	0.7581608	-1.774738	-1.1805	2.659225	-2.83643	0.15722	-0.9571033	1.075833	-2.189249	-0.9553583	0.317552	3.008915	-1.669145	0.05759203
-1.537523	-0.5148217	0.8497116	1.708777	-1.95868	1.193428	-0.02894696	0.9394367	0.6521589	-1.609227	1.687678	-1.89673	1.741448	1.624818	2.080688	2.073927	-2.676063	0.7491273	0.8066631	-1.495218	-2.588259	-1.816343	-0.9233788	0.2840291	0.864019	-0.8221482	0.5666037	-0.8657781	-0.03690505	0.9406131	-0.3179032	1.192777	-2.157853	-0.7824655	2.101409	0.8221123	-1.335861	-1.426846	-2.993558	0.4269145	0.02275393	2.599547	0.2502671	-1.526231	1.277223	1.108384	1.4051	-1.13895	-0.9416163	-1.508357
-1.807933	-1.77332	1.402341	-3.238915	-0.3958219	2.377005	5.363004	1.437127	0.3689454	-0.1198309	-2.796789	0.4273407	1.7127	1.374448	-2.330581	0.3731643	1.400789	-1.508616	-1.871851	2.69516	-1.521005	0.673689	-2.724565	1.821929	1.791156	-0.9176574	2.814208	-1.594914	-0.2516401	2.17708	-0.3370437	0.4952036	-2.18247	0.4126877	-1.283488	1.450082	-0.6513532	0.7685519	-1.814817	1.267919	2.737112	0.72249	1.669553	0.9380859	-3.665577	0.05880111	3.080378	1.002507	-1.920503	2.336524
-1.589585	-0.5756151	0.3373902	-1.164035	1.32324	-0.8586986	2.846989	-1.188258	-1.143017	-4.337982	4.242408	2.074994	1.897277	-1.312612	1.439066	0.3990291	0.7000516	2.152015	0.4273882	1.570657	0.4203481	-0.7254567	2.908159	-1.143526	2.330069	1.879923	-0.9584646	-2.035861	0.9339465	-1.017226	0.3270495	1.87691	3.149443	-0.5541027	0.7875369	-0.4253361	-2.796249	-0.7426253	0.4447712	-0.3601202	-2.844879	1.814555	-1.018646	-0.2518164	-1.109056	-2.047172	-1.797316	2.567033	-1.012501	0.8965208
-0.1589847	-1.490427	-1.655129	-2.242203	1.321171	0.5123415	2.87159	-0.8624244	-0.9749725	1.722947	-1.246184	-2.254266	-0.3916609	1.296003	0.5946681	0.05418687	2.123625	-0.8293567	0.3267202	-1.394139	2.193101	0.5833707	-2.135491	-1.483367	2.553499	-1.896785	-3.82731	2.072555	-1.185278	2.612906	3.752205	-1.941815	1.205028	-0.4236514	-1.970665	-0.9668121	-0.8317918	0.8701345	1.736017	3.04868	-1.767629	-0.4106331	-3.455761	2.946291	-0.1036148	-1.189571	1.343436	-2.819415	1.805948	3.303817
-1.400249	-0.6021383	-1.986731	-1.23976	1.558486	-0.3633448	-0.3491609	0.669688	-3.726131	-0.8360574	-1.842714	-1.227809	1.558791	-0.9899793	-0.166882	1.457285	-0.3183414	-0.9904684	-3.6616	2.893399	-2.492698	-1.735364	-1.588586	0.9918308	1.133876	-0.8247061	1.977654	0.9852231	1.373283	2.637563	-0.3162961	2.23167	0.9555119	-2.581853	-1.939132	-2.506455	-2.122757	1.25123	3.285271	-1.94046	3.532336	-0.9461622	-0.5351185	1.05269	-1.545965	0.8799192	1.133386	2.685291	1.424393	-1.231821
2.233358	1.148281	-0.9702469	1.283987	-0.3844302	-0.2876602	4.194797	0.8017377	2.42069	0.52126	-2.547705	-0.1984657	-1.313526	-1.429242	1.11273	0.5099784	-0.4380123	1.755474	0.9188912	-1.84263	2.208423	-0.151623	-2.084625	0.7560384	1.649364	1.856813	-0.1308815	1.31113	2.943155	1.723918	1.715809	2.728991	-1.296075	1.537296	0.3819423	0.879458	-1.679305	-1.624259	1.375756	-3.648586	2.860103	-0.1042989	-2.167776	2.796482	2.01498	-2.14977	1.172262	-1.229291	0.3321298	3.474734
1.951558	-1.218525	0.4469503	2.049556	-1.309139	-2.138438	0.5116196	-1.091046	0.5503936	1.145177	-0.02786877	-2.369104	-0.9535081	-1.408566	-1.311624	1.972963	-0.8178839	2.026123	2.913476	1.834491	0.9050058	2.21346	0.4324119	1.093289	-2.685108	-0.8608004	1.808581	2.30772	-1.503288	-2.43198	-1.871252	1.740601	-0.1588573	1.539203	-1.398351	-0.1773312	-0.04068776	-2.772899	2.634857	-0.3942661	-1.450065	0.4369377	-1.421076	1.604754	-2.499566	1.310717	-0.4039451	-1.905116	-1.49337	-1.031389
-0.5226616	-2.3758	1.143198	1.659731	-0.1655781	-2.30315	0.4977624	1.183745	0.1766011	-2.857141	2.21496	-0.7561483	-1.250168	-1.300911	0.5312305	0.4144592	-0.438323	-0.3401406	-0.7314322	0.6930566	-3.084396	-1.749666	-1.988717	-0.1576793	-1.657196	2.011279	0.2036297	2.517314	-1.559694	-1.245159	1.128475	1.310524	-2.302773	-2.421415	-0.4826767	1.214844	0.2849913	-0.3680337	4.216471	2.065929	0.2511977	0.2328798	-0.9177926	1.231177	3.157137	-1.066776	0.8113151	-0.4082204	-1.868406	-0.1851914
-0.9175672	-1.79468	-1.738018	-0.1114049	-1.879314	-1.176608	-0.8070053	0.2052336	-3.77034	1.135769	2.611678	-3.028824	-2.170244	-0.7810349	-1.265819	-0.499148	2.812079	2.273027	-2.376812	-1.806294	-1.555522	1.182804	-1.963052	-0.2607603	1.087333	2.034085	1.93949	1.312025	-1.41781	-1.610355	-0.8311067	0.6388429	3.400236	0.4492158	-0.772496	-1.961737	0.07659734	-2.004721	1.592128	-1.346583	-2.487205	0.8983235	-0.2590603	1.818921	1.088566	-1.935037	-3.505415	-1.159817	-1.540127	-3.074896
-1.513479	-0.8644301	0.04467098	1.00354	-2.607268	1.08271	1.882138	1.877069	-0.5788431	-0.7588025	-0.4065513	-1.468026	-0.8728901	1.052877	-2.852236	1.43969	2.459984	2.082782	-1.673041	-2.039947	-2.096579	0.3768578	0.6310647	-0.6246289	-1.678	0.2402009	-0.5628333	0.2935465	1.710115	-1.59204	2.270196	-1.349358	0.8553143	-0.06851325	-0.7531558	1.505543	2.484945	-1.906314	-1.748632	2.626558	2.215339	-1.507186	-0.3328746	2.923409	2.659514	-1.673633	0.6742198	0.02181306	-0.5669133	-3.439433
-2.558469	-0.01284938	2.442024	1.417862	-1.484692	-0.8486922	-2.69029	0.03187371	2.062843	-0.5039866	-0.7872989	-1.061428	1.187927	-0.5639487	-2.139868	2.482008	-0.1245734	-2.331396	1.13988	0.2246399	-1.26795	0.3527748	0.3389506	1.639611	-1.636214	1.95351	0.119026	-0.682372	1.89797	-0.2892614	2.151608	-1.651169	0.936022	0.7443261	0.7599819	-0.1003002	-0.182563	-1.713903	-2.116579	3.629107	1.67528	1.25333	0.3052485	1.151082	-1.668699	0.4760933	-1.266672	2.662414	1.120088	-1.6818
-1.801645	-1.97695	-1.501267	-1.401163	-0.4785962	0.8022615	0.2527667	-2.604374	1.976776	-2.600617	-0.2724628	-0.5395604	1.110785	1.05492	3.747485	1.605431	3.160975	1.017259	1.982253	0.1925154	-1.044726	-2.269842	-1.519799	0.8351422	2.982088	-1.150151	1.503253	1.600211	-0.8187171	-2.483825	-1.272504	1.824323	1.975556	0.05845281	1.14926	-0.9594019	2.412155	0.731066	-1.626621	-2.100585	-0.1033453	-0.3914474	0.7171689	-0.7072781	-1.427727	1.367394	2.344426	0.154904	1.687024	0.9337992
-0.4833508	-0.6953298	-0.7886776	-0.1006748	-2.639351	0.7748254	-0.7897553	-0.4489314	2.090811	-0.3167427	1.800337	3.282646	0.9278321	1.24829	0.8440343	2.022115	2.268695	1.85297	-3.178095	1.86212	1.006713	-0.8298467	-2.912299	-3.092887	0.4105208	1.572714	2.744121	0.8251822	1.172151	-1.792035	2.759986	-1.671386	-1.200899	3.446837	-1.635137	1.45661	0.03397841	3.35206	-1.815527	0.6236616	-0.7913703	-1.524409	-2.88075	0.288772	0.1342332	-1.166263	-0.3595677	3.438658	1.172925	0.8286884
-0.2731502	0.892467	-0.9628377	-0.1032721	-0.5918879	-2.416049	-4.028255	0.7839549	-2.552921	2.108596	1.547076	1.267557	-2.275359	1.898442	0.1334419	-2.32064	0.4645305	-1.805455	-3.196259	-1.853172	0.3661151	1.514287	-1.867851	2.814568	2.096613	-1.57682	-1.233798	2.166187	-1.222153	-3.85157	1.927633	-1.017292	-0.1459602	-3.173745	0.4682476	-1.497362	-3.044621	0.1184912	1.299353	-1.171054	-1.111307	-2.268181	0.6697574	-1.248103	-1.243721	2.250477	-0.008682458	-2.449919	-0.975219	0.3514467
0.5154308	-0.1715061	-0.8855342	0.00646249	-2.311887	-3.257306	0.3132849	3.501721	0.8046032	1.279688	-0.9697695	3.398884	-1.348506	-1.756175	-1.770832	1.595712	1.548671	1.563911	0.3295291	0.2702616	1.480123	1.664456	-1.87135	0.5397191	3.050804	1.415112	1.526366	0.0006383405	1.313642	1.72322	0.4109986	2.082891	1.448378	0.8389967	2.107262	1.41433	-0.1205942	0.3570143	-0.03586203	1.427837	0.6368589	-1.383853	2.322533	-0.4347015	-0.2222202	-3.066371	0.676867	-4.023193	-0.7184467	0.9975134
1.536742	-0.1395554	2.514071	-1.279123	-1.048989	-0.1888513	0.4267259	-1.898816	0.647235	-0.6488316	-1.439707	-0.7351387	1.027369	-2.1185	-0.9412677	1.235911	3.208824	2.120244	-2.397624	0.2888787	2.72323	-1.86559	-0.6007093	0.832337	2.729571	1.128055	0.466349	-1.056159	-1.411742	2.742652	-0.1291061	1.659814	4.647027	-0.372668	1.040062	-0.1522011	2.367213	2.909529	-2.856431	-2.435929	0.01404645	1.631636	2.401086	-2.641268	0.8323354	0.2980088	-1.603263	-1.533331	-0.4111831	1.469113
1.596663	2.568615	-1.820406	-0.8452966	2.260943	0.2043241	1.225619	-0.3086336	-0.3432516	-0.6324939	-1.901421	-2.747666	-1.04646	-1.024937	-2.16439	-1.865844	-3.15051	0.1607836	-0.8475147	2.136084	1.346567	-0.1573939	-2.160693	-2.153969	-0.3398807	1.453928	0.1829656	-1.451359	2.906457	-2.092856	1.404745	0.4209825	-2.204003	3.125772	1.092944	-1.980491	2.570942	0.1684546	-1.970635	-2.886837	-0.4317584	1.967349	-3.345419	-0.1433494	-1.386502	-0.03193139	0.6967787	-4.183232	1.837938	0.3465635
-1.481994	0.9663505	-1.118329	4.147838	2.07262	1.094441	-4.423157	0.9649796	-0.8708647	0.3294664	-0.8083284	-0.2741371	-0.9510047	-1.13618	-4.451976	1.937282	-1.958865	1.131756	0.1891134	-2.37644	0.2723448	1.480535	0.8371825	2.695731	1.269629	-0.3298962	-1.002773	-0.5651506	-1.40932	0.1175346	1.080706	1.714947	4.021634	1.570576	-0.4334101	1.189425	0.3322859	0.8436947	2.450096	1.320809	1.34647	-0.693421	-0.3560065	1.952117	0.6864296	1.659924	-1.972116	3.299672	-1.925008	2.864623
-0.5442838	0.7972199	1.199951	3.036759	-0.9667695	-0.3214311	0.2545734	2.044552	-0.5084249	1.227267	0.3568783	0.9080687	1.492813	-0.7309222	1.401065	-1.042611	0.7381956	-0.1373695	1.66098	2.151349	0.8734702	-2.257993	2.030121	-2.387445	0.2287288	-1.580554	2.406295	-0.1991467	0.4638764	-0.720792	1.292124	1.875457	1.656539	-3.947497	-2.022595	0.05320065	-1.238035	-0.240748	2.747784	1.855266	-2.33569	-2.270865	-1.216669	2.828002	-2.236013	2.487769	-0.1550385	-0.1387071	-1.704884	0.7441552
