1.490431	-0.7998615	1.247327	-2.434065	1.677258	-1.618608	2.844823	2.195306	-3.72642	-2.226587	1.225872	0.9285835	-0.8598293	1.329768	0.2252781	0.5996032	1.726213	0.6429629	-1.376752	-0.5188222	2.799993	-1.714938	-1.464699	0.1900356	1.431563	-0.8854093	1.674443	-1.162225	-0.4352094	-1.741669	-1.212661	2.17862	-4.490717	1.281585	-0.7563752	-1.425528	-0.7934984	-2.157416	-1.605732	-2.10333	1.312103	-0.1953874	2.078722	-1.632369	1.29363	-1.178177	1.858909	-3.291661	1.78	3.168324
-1.984121	1.8813	-1.945709	3.403133	1.376024	-2.761853	1.674145	-1.843049	-0.668325	0.8107436	-2.141118	-1.067996	-0.2633162	1.212823	1.496604	-0.5865049	-2.345755	-1.876486	-1.020083	-2.499518	-1.807392	-0.682523	-2.812436	-1.102801	-1.703253	-1.627881	4.112664	-0.7440398	-2.482555	-4.100456	0.9625399	0.8295914	3.104091	1.485255	-1.538512	1.157081	1.141952	2.14894	0.6993521	3.754737	0.9726831	1.43612	-0.6357854	-1.788531	1.396882	-0.997092	-2.639235	-1.708717	1.421076	1.187794
1.075647	0.649864	1.29677	-2.667594	-0.8205019	-0.08947077	-4.097665	-0.9893042	1.575915	1.622975	1.518669	-1.116475	0.5922495	-2.177362	0.8095184	2.855654	-0.5887453	1.683565	1.409076	0.9095455	2.541425	-0.199935	1.418446	1.647932	2.728432	-2.189937	-1.324706	1.114028	-0.2813279	0.3240844	1.004288	-0.6544317	1.038749	-2.713336	0.8720535	-1.721441	-1.67094	1.534967	-0.03838356	6.184512	-1.664468	-0.7059413	0.3969858	-0.7749245	-1.107797	1.195882	0.5301116	-2.071835	-1.183237	-3.49178
-1.052737	1.629957	-0.07015223	-5.952883	-0.1516917	-1.589894	-0.7904417	-2.572944	1.252667	1.962926	0.2675719	-1.571445	0.8676419	2.026745	4.069981	0.5400368	1.569194	-1.471038	1.558885	-2.89474	-0.48188	-0.8702941	0.2376247	0.2398374	0.1164632	-0.994192	-0.8468091	1.095162	1.747872	0.06367313	-1.405761	-1.136114	2.695052	-0.1006	-1.525158	1.436866	-1.787741	2.675037	0.3216884	-1.299223	0.111829	1.241024	2.566035	-2.201654	-3.275327	-1.70976	1.634241	1.257525	-0.6628381	2.843052
-1.170357	-0.9622888	1.843967	1.346427	-0.8748822	-2.600626	4.585518	-1.894112	-2.695442	-1.108998	-0.4906666	2.062632	-0.7113999	-1.984755	-0.4292976	1.435565	-2.168342	-2.250159	3.324078	-1.125638	-2.610033	1.281608	-2.6741	-1.855987	-1.020374	-1.711999	-1.359622	3.442587	-0.1390123	-0.5129069	3.450795	0.551636	1.229468	2.346146	1.978853	-0.05766036	-0.6328005	2.313036	-3.771627	0.1783615	4.238926	-1.741888	0.8027592	-1.418925	1.432884	-0.09995827	0.8689302	3.467469	2.275031	-1.601095
1.995408	-1.248606	-1.516768	3.270175	1.156825	1.765969	1.302543	2.514952	0.7251686	-1.17846	-0.03562432	0.4392949	-1.615735	0.8627993	-1.50744	0.2874891	-1.842722	0.1536976	0.08085985	-1.230381	3.317423	1.797843	-0.8803267	0.4399903	-0.1803873	1.3358	-3.178042	1.49823	-2.570399	2.475004	2.902014	-2.176716	-3.176906	-2.115117	1.118698	-1.770144	2.493217	2.628197	-1.539774	-1.329158	-3.531696	-0.2157775	-1.964278	0.2282895	3.352609	0.9687636	0.6103022	1.038122	1.105211	-0.7000146
-0.6021545	1.262589	-0.217325	5.403087	-1.178421	-3.628827	-4.235882	-1.560699	-3.904846	3.891246	1.008265	-2.169975	1.852054	-1.471501	1.719163	-2.742251	2.208772	2.186299	1.475985	0.8370504	0.7740986	1.063876	-1.190281	0.9651091	0.00376698	0.2532374	2.284872	-4.186635	-1.239268	2.993473	0.1652856	0.3527671	1.449305	-2.755315	1.680575	-2.961758	-2.810898	1.543328	0.8774958	-2.710825	-1.738766	1.214209	1.229227	-2.272251	-2.812506	-1.190136	1.192539	0.5065209	-0.5848019	2.570425
-1.765564	-2.567237	1.623655	2.02635	-0.4389268	-1.330093	1.553342	-0.02519185	-0.1699795	-2.312991	2.182727	-1.981511	1.649707	-2.195715	-5.33963	0.6144125	-1.538095	-2.199561	2.638299	-2.753443	1.709327	1.70196	-3.159115	2.451956	-0.7451993	-1.683429	-0.5052448	1.583195	-0.3246764	1.517031	-0.3542753	1.553262	1.314754	2.674495	-1.793175	-1.956685	2.062878	-1.989444	1.067162	-2.400343	-1.199228	-2.709127	0.2735226	-1.805226	1.498445	-2.871609	-1.597297	3.479822	-1.146888	-1.08647
-1.472025	2.526782	-1.65402	2.01834	-1.792616	1.290232	-0.3257688	-3.245166	0.4240692	2.052424	-3.051062	2.032384	-1.954978	-1.141209	1.593144	1.560646	-2.336723	0.4693289	1.318373	-2.506633	-0.2233098	-1.133479	-2.343947	2.457266	-1.767284	-1.785478	0.6496859	1.849178	-1.504508	-1.58392	0.5662485	-0.06595255	-1.189662	-2.423131	1.559536	1.479961	-2.476987	-0.8668641	2.837547	-0.4737643	-2.967276	-1.268672	3.413174	-1.825372	-0.7611653	0.008148021	0.7201607	-3.026908	-0.9379232	0.09106839
0.9853583	-0.8000872	-1.135888	1.404473	2.753006	0.7648652	-4.898945	-1.202187	-2.392598	1.957397	0.8599213	-0.1070276	0.8270772	0.8620733	5.610046	0.8249812	2.861206	-1.07324	0.04662262	-1.980073	-2.038747	1.5837	-0.6872031	-1.149883	1.221814	1.891959	1.355092	2.918733	3.175134	0.6403237	0.6357438	1.17428	-1.797306	-1.540189	1.447285	0.7615102	-0.2463679	1.783771	0.3297249	0.2559722	4.497811	1.386059	1.352421	-3.337674	-0.4551581	-1.129374	2.349174	-1.855789	0.66633	-2.735214
1.839988	2.297292	0.8510883	-0.5417892	1.285933	-0.5666431	-0.0930311	0.1210194	-2.016288	-1.923574	1.976028	2.629597	-1.596331	1.829704	-1.577944	2.294907	-2.170269	0.3902535	0.6636712	-0.2727542	-0.09137044	1.371712	-0.4039918	0.4040618	-1.741803	-1.974529	1.014864	0.2909296	-2.349939	1.161843	-0.4531731	-0.5371399	2.778869	0.1896643	-1.565882	1.82914	1.756859	-1.204767	0.4028438	-1.978529	0.3129316	2.673819	-0.927932	-2.098505	0.6566135	0.02251392	-1.122499	1.130495	-1.807474	-1.200027
-0.713867	0.1055642	-3.431794	2.997124	2.339859	-0.4055749	-3.847226	0.4339672	-1.673616	1.450438	0.7130063	-2.495132	-1.439561	1.078032	0.1795794	-1.148744	-2.718352	-0.02438854	-0.4053287	-3.161613	1.995514	1.894551	-1.094517	-3.866648	-0.2372137	2.566976	-0.03566031	0.000392554	-0.9522239	-0.2746177	2.578511	-2.180095	1.167514	0.1424169	1.255407	-1.646302	-2.748641	1.035685	0.4634119	0.1067799	-2.733811	1.535871	1.775915	-1.08133	1.380279	-0.5867721	-2.288789	-5.034879	0.7686739	-1.223128
-1.192683	-2.982482	1.197921	1.176927	2.395547	-1.142924	-4.880774	-2.417843	0.5913674	0.9305214	1.256733	1.000298	-1.34348	-1.106615	-1.230284	-2.038457	1.033599	0.7055128	1.105239	-1.468726	3.030151	-0.8004001	1.682072	0.432456	0.4015009	-2.484156	1.812235	-1.243973	0.5600743	1.164944	-0.02271683	0.7993584	2.080153	-0.5849398	1.172146	0.3939673	-0.3434446	0.4894433	-0.4348322	-1.941347	1.947526	1.818525	2.273323	-0.6121453	0.9020247	-1.119571	0.8343332	1.572189	-1.025543	-3.512005
1.106378	1.586667	-2.009254	0.8493903	-1.978309	-0.9162194	-2.936595	-1.33272	-0.4308849	1.351973	0.8003503	2.850513	-0.9693544	-0.6018314	-0.8903944	-0.9207589	-1.37135	2.019365	-0.5479425	1.030797	1.907333	0.6784014	-0.8468222	-0.9419522	-2.703108	1.473095	0.4861576	1.619428	-1.195877	2.988165	1.082883	-1.011424	-1.480746	-2.6263	-1.693553	-1.117376	-2.342528	-0.102575	-0.5350233	-1.10427	-0.9845534	-1.711939	1.029349	-1.452446	-0.9418237	1.44359	-1.289156	4.197286	-1.508545	-0.4981028
-1.449831	-1.198908	1.680928	0.8879842	1.807415	2.402552	-3.095398	-1.79864	2.480399	1.372867	0.6354727	-2.526506	1.835969	1.40628	2.727687	-0.2972275	-0.01056636	-1.312253	-1.133983	-1.171507	1.178485	0.7354741	-0.9252682	-0.629859	-0.2684104	-1.294226	-0.3479246	2.526283	-1.346228	0.7301706	1.261244	-2.042181	1.385349	-2.414691	-1.685305	-1.199026	0.22865	1.42738	1.316302	-4.262224	-2.758168	-0.6405988	1.428962	2.338518	-0.7815008	-0.474076	1.336059	-3.213165	-1.963632	-0.8928072
1.365177	1.153605	0.5909955	3.477999	0.5277552	1.693432	0.7342193	2.183096	0.2320369	-1.398618	-1.928791	-1.496313	-1.826898	-1.408292	2.10752	-1.421001	0.06859345	-0.1293217	2.951458	2.253348	1.597366	1.755093	-0.9597238	-0.1953609	-3.155882	-0.351788	3.644889	-0.8565484	-1.43604	-0.3570546	0.008930462	1.150255	1.360773	0.1509059	-0.2019138	-2.862123	-2.479804	-0.7651548	2.916347	-2.015185	-2.526736	-1.040879	1.951462	1.268222	0.3916609	0.0482788	-2.375582	3.902445	-1.707129	-3.142957
0.6671874	0.9012088	-1.295994	-0.8093594	2.147761	-0.7082671	-6.179265	-1.255605	-1.682845	-0.8722514	-1.487911	-2.058057	0.8809559	1.225401	0.8865211	-1.489678	-3.029443	-1.311581	2.238372	-3.72478	0.2708831	-1.991617	1.871529	-1.299061	1.880748	2.221878	0.3393408	-3.037883	1.563961	-0.9605387	-1.962599	-2.468394	1.54071	-2.776077	-0.6448666	-1.436349	-2.982951	1.052619	1.233788	1.59496	-2.55707	-1.927544	-0.4336209	-2.442384	2.321274	-4.373349	0.725102	-1.078486	0.4537672	2.669225
-1.640458	0.7587717	0.2384835	-0.4654669	-1.307758	2.91561	-0.07378694	-0.8664187	-2.996898	3.623979	-0.7888185	2.26829	-1.283012	1.493893	-3.317557	-0.7113548	-0.4195183	-2.006474	-2.133192	2.016273	0.7706986	-1.445219	-1.044653	2.804143	-2.208897	1.545621	0.08716827	0.2926319	-1.331295	1.730207	-2.267202	-0.9108608	2.755719	-0.6553535	-1.666222	0.01191057	0.2512371	-0.226489	1.66437	0.8482933	0.318546	-2.809824	0.569141	-0.5834852	0.8316624	-0.4542785	1.54478	1.953642	-2.958567	-0.3464921
-2.261955	2.700566	-0.04983462	-0.5201688	2.301184	-0.434241	1.355494	0.9144794	0.5107431	-1.691124	1.670695	0.740881	-1.68399	1.027289	1.043157	1.582306	0.3152283	-1.14323	-0.2264651	-1.880144	2.903108	-1.081051	1.614167	-2.376409	0.8383048	1.731356	0.08700033	-1.062052	0.44428	-1.003916	-1.270892	-1.622736	-0.6333375	-0.634566	1.416413	1.520762	-2.229159	2.975459	-1.562164	-2.181493	-3.177669	1.649925	0.6296095	-0.4603762	0.641023	-0.9669491	-0.9451908	4.078844	-1.247689	-0.9800422
-1.068541	-1.033206	2.147997	-0.2012586	0.2386751	-1.584399	-3.212154	0.2741997	-1.267063	-0.5954656	1.25653	-3.005704	1.08991	1.541052	1.784453	-2.538139	-0.06179187	-0.1171395	0.5537227	0.4483809	0.4699878	1.618629	-2.740667	-0.8153864	-2.949216	0.7333938	-1.744201	2.18314	1.314517	1.933334	2.526912	1.21057	-2.614766	0.761139	-1.592838	2.528152	-0.4633785	0.3457473	1.099396	-0.477229	-2.771864	-0.3231654	-0.8147944	-1.254722	-1.652955	-2.732624	1.277313	0.8760864	-1.630314	2.392518
