1.121316	1.229122	-0.6133059	-0.4919914	-1.159661	0.8443087	-0.447733	0.6937637	-0.6679129	-0.7680388	1.990693	0.001453546	0.4361234	-1.580529	1.627331	2.216241	-0.7787844	1.877157	0.9677981	0.6776617	-1.91121	-0.6167846	-0.3484586	-1.642609	-2.491465	0.8545885	-0.2000465	-1.014598	0.3472681	0.2797152	2.355375	2.139231	1.475532	2.700765	0.1144259	-1.200406	2.194285	2.988867	2.246735	-1.523233	0.5082487	1.616943	-1.096208	-1.673156	3.059081	0.1318317	3.397936	-1.443043	1.367582	0.3959385
-2.332104	-2.186639	1.543598	-1.205397	0.4395541	1.126265	2.474483	-1.185724	-2.150226	2.584731	0.4121225	0.7764079	-0.6984786	2.177433	-2.259387	0.1581679	1.264325	1.700968	-0.2514756	-1.082613	0.3500148	1.300614	-2.077352	-1.00825	-3.782737	2.159043	-0.8181703	-0.09304872	-0.631788	1.93186	-2.177535	1.379746	2.856378	0.6238905	-1.170241	-1.50152	-1.939118	3.689251	1.41055	0.589614	-0.3076971	-0.8157767	1.949077	-0.1396714	-2.990332	1.088157	-2.038015	-1.255666	-1.250963	0.1877911
-1.145499	-0.4223478	0.9714683	0.6037368	-1.769194	-2.882611	1.824518	-0.2042808	-4.172308	-1.671536	1.788974	0.3095929	1.852688	0.7036509	-1.590515	2.629313	2.394608	1.880668	0.03532297	-3.651889	-3.063816	1.270923	0.3080964	1.327889	-0.6252441	1.074091	0.6193167	3.42848	-1.837007	-0.03589114	-3.28024	1.806119	-0.5280253	-0.5414046	0.6990361	-0.9538595	1.60276	-2.493451	2.772002	-2.206966	-0.9622112	1.691183	0.3118035	1.734987	-1.372533	-1.609305	-2.582288	-0.7484894	-1.78004	-4.638424
-1.116095	-0.1777675	0.3836468	2.97906	-1.440696	0.8721091	-2.389456	-0.6893995	-0.4983554	1.263844	2.858726	-0.4593845	-1.266788	-2.111886	3.299582	-1.341349	4.024973	1.707267	2.574171	2.347501	1.375757	1.237979	1.0142	-0.06512987	2.230687	-2.029001	1.544337	0.6715321	-1.735851	0.4766635	1.109948	1.423968	-1.520008	1.1682	1.05777	-2.295372	2.319623	0.2359706	0.9577295	-0.6898905	-2.841695	-1.324507	1.219806	-0.294865	-0.5323734	1.86005	0.4579133	-3.014484	0.5987617	1.070607
-2.219921	1.37823	0.2638761	0.7127564	2.707771	-2.69079	-2.038498	1.870843	-1.523136	-0.4125326	1.12491	-1.591964	-0.8219104	0.4893178	0.3696541	-0.4001058	2.282872	2.279649	-0.09096164	-0.4482223	-1.434787	-1.547227	-1.652446	2.246855	0.2168616	-2.115707	1.232655	-2.81209	-1.212811	1.455105	2.815504	0.8913169	2.90165	-2.324826	-2.30883	-2.392483	1.548176	2.483453	-1.00172	1.300579	-2.696927	-1.602406	-0.7790934	-2.966053	1.244468	-0.5619604	-1.809663	0.5923899	2.151513	-0.8493776
-1.752608	-1.857763	1.165454	-0.8969495	1.486466	2.796473	-0.784884	2.216438	-2.241715	0.1897938	-0.3866765	2.0032	1.233255	1.251944	-0.3603226	1.255554	-2.529165	-0.9752398	3.779312	2.962201	0.2554899	1.014713	-1.300754	2.250458	1.852525	2.173963	3.962649	-5.058926	1.982789	-1.829411	1.122402	-2.4002	2.427983	-3.711482	-2.128038	0.9759257	-2.779831	-2.221397	1.826366	-0.8165926	-0.3295669	-1.57033	-0.9468829	3.108422	-0.9746424	0.7587591	0.03211732	1.078821	-0.7076256	0.2707684
1.159758	-1.79369	1.055948	3.888885	1.608858	2.020119	-3.461727	-0.2728976	0.9971715	0.8588749	-1.116308	2.204863	0.7789833	2.115688	-0.8869502	2.391881	2.094186	-0.6260848	0.6920325	-0.02465343	0.626239	-0.1260421	-2.097992	1.767306	-0.3391078	-1.584114	1.569802	0.3162166	-0.8468459	-3.205193	1.942204	0.2124184	0.4428264	2.546868	2.676138	-0.8571687	-3.078395	-0.2662802	-0.4590393	4.511071	2.507163	-2.33972	1.317081	1.290857	0.2726628	-2.999473	-2.21993	1.182001	-0.7161661	3.569522
-0.7860344	1.643235	-0.09694002	-0.2250409	-2.053479	-0.1122566	0.8541634	-0.8808678	-3.452621	-2.441084	-0.5866311	1.9349	1.176459	-1.329889	4.719457	-0.4431963	0.5528875	1.261522	3.175193	-0.8849466	2.169514	2.221615	-0.5174677	-0.0521706	-3.59236	1.79343	1.257129	1.615924	2.596502	1.921078	-0.8660433	1.983865	2.853592	2.016754	1.875962	0.4528947	0.3366449	0.3518502	2.832699	0.9835019	1.259142	1.13998	1.43718	1.885272	-1.085542	-0.467642	-0.07420895	0.7394748	-1.390646	-2.072733
0.9137596	0.03101162	0.6477524	2.086006	0.8141235	0.09099383	0.4989412	-1.201263	0.9324901	-2.626052	0.5586775	-0.3640615	0.7230435	1.2809	-0.005465408	0.8879204	3.582706	0.4140517	0.9779777	-1.314995	2.657634	-1.865836	-1.4445	-1.136484	0.7214686	-1.404182	-3.088247	-0.9790815	0.1276586	-1.057381	-1.984835	-0.5940936	-1.329257	2.115012	2.100133	-0.6777304	-0.09451604	-1.567818	-0.1284099	-4.752778	-0.415579	1.123811	1.670115	2.295668	2.283226	-2.685201	-0.6702607	-2.757137	0.4088123	-1.051509
2.414183	2.992705	0.9228587	-0.4432386	0.6299179	2.132617	-1.333497	1.326718	-2.10199	-0.3747289	2.125074	0.01016289	-0.4631333	-1.329531	-0.9166373	-0.3621862	-0.539803	1.494354	-3.319723	1.074769	-2.071841	-0.491404	-0.8197321	0.3860114	0.9231078	-2.053518	2.03997	-0.1057537	0.8673452	-3.440664	-1.886864	1.449362	0.7384772	0.4938388	1.173061	0.605778	2.247616	-2.598979	-0.6022155	-0.6744176	-3.002512	-1.606135	0.7575816	2.840722	-2.794743	-2.064748	1.49314	0.579172	1.876314	0.1707579
-1.985674	-2.051403	0.6430161	1.466481	2.61537	-2.350435	-3.191435	2.101703	1.711672	-1.941085	-1.11664	1.429991	2.757734	1.103277	-2.948197	-2.292555	-1.06782	-1.729585	1.243902	2.538323	2.048471	-0.862593	1.325787	-1.9474	2.880515	-0.2068576	-1.073355	-0.0819379	1.153621	-1.331969	1.505127	-1.472005	-1.872023	-2.358069	0.8844833	1.867177	-0.4530446	-0.8315714	2.458979	1.07794	0.5019866	2.484853	2.297358	-1.47812	0.005571756	-0.2234563	-1.505885	0.4098162	-1.408744	0.03714131
-1.843751	1.299249	2.06181	-0.2923259	0.4517083	0.9083411	-3.045695	0.5374315	2.758381	-1.940722	1.243987	-0.7789662	0.6388576	-2.090521	-3.080686	-0.6148132	1.940756	-0.7502425	3.720076	1.926175	-1.479646	0.4441753	2.492576	-2.091933	-1.590553	1.51083	1.475003	-0.1605543	-1.86917	1.763335	-1.46285	1.931127	0.7384868	-3.012589	0.7446346	-0.2667905	2.346215	-0.7915139	1.268282	2.843791	-0.2939628	1.781553	2.576856	-1.27696	-1.215403	-2.48094	0.04138402	-1.734568	-2.523601	-2.984683
-1.941591	-0.4816849	1.452174	-0.8479908	1.251147	3.141022	1.179058	0.6861881	1.379091	1.264161	0.6340802	2.269689	-0.9787945	-0.88298	-0.07138387	1.706944	-1.282252	3.134144	2.858618	-1.168396	-1.396223	-0.8322483	-1.388165	0.1440706	-0.7798185	1.7332	-0.2910366	1.026122	0.9117659	-0.263445	1.625405	0.849808	1.051282	3.117101	-1.11294	-2.796463	0.3218385	0.5767981	-2.887178	-2.606216	-0.4799348	2.560962	-0.5816338	2.088816	2.301466	3.155545	-1.106794	2.449055	-1.123831	1.721016
-0.7002292	-1.533921	1.010325	1.163598	2.205421	-1.104841	4.224291	-0.1244651	-3.020073	2.936746	2.579289	-2.458121	1.994178	-1.134012	-0.499612	0.7519809	-2.684965	1.283166	-0.457952	-0.5083622	-2.952417	-1.768328	0.975632	1.229715	-0.5936666	1.825875	-1.15681	0.06228879	-0.1353781	0.6128204	0.4140041	0.8346939	-2.746963	-1.930128	1.099082	0.5826145	-1.938064	-1.491605	-2.485133	1.231325	-1.489689	2.783379	-2.733803	-1.2839	-0.2000951	-1.517615	2.553108	-1.642004	2.163771	-1.62722
0.9593801	-0.5548568	0.9852278	2.292511	0.7512926	-1.332645	0.3064597	-0.7928771	0.02322483	-1.824397	-2.117534	2.770891	-1.173187	0.8771982	-0.4622569	1.359342	0.248181	-1.541823	-0.3804628	-1.231282	-2.133976	-0.7970334	-1.510988	0.993733	-1.956412	1.208342	3.919215	1.26549	1.148723	1.647741	2.344456	-1.391866	2.039945	-1.868058	1.699868	0.9938318	-2.444834	3.690284	2.28164	-0.0662452	2.754328	0.4170106	2.010103	-3.068504	0.2102017	-0.2116272	-1.728242	2.968517	1.317879	0.5911815
1.466897	-1.70033	2.013447	1.32529	1.996723	0.8365031	-1.661108	0.8655556	0.6434635	0.939573	-1.240486	2.23532	-1.113546	-1.007795	0.7384404	2.035133	-2.83611	1.327732	0.5264168	-1.674072	0.5293765	1.967366	-0.2023015	1.892307	2.467191	-0.3858641	-0.6114083	-2.421537	0.01358456	2.65	0.0218959	1.189466	-1.417374	-2.761852	1.523142	-0.2354496	-0.6795984	-1.302672	0.6763227	-3.505568	-0.1119065	0.5341513	3.166235	-0.616511	2.677133	-3.222349	-0.5278295	-2.453208	0.9958286	-0.6313359
1.497705	-0.4629236	1.302362	0.4725818	-0.7200781	-1.998902	-0.3824629	-0.7936395	-2.48403	2.97313	2.990139	-2.412295	-0.886065	0.1303574	2.059295	-2.145066	2.236909	-0.6117953	2.954499	2.231486	-1.16508	-1.313544	-1.588695	1.4342	-3.509976	-1.248143	-2.822102	0.1925608	1.041617	1.523201	-0.7004559	-1.116394	-1.009951	-0.1546761	-1.381145	1.613797	2.364337	2.399823	-0.320257	-3.33133	-1.972551	2.774129	3.588535	0.2285786	1.317842	-2.475746	0.1918089	-0.3643361	0.8411378	2.344561
0.7342808	1.562573	1.459562	4.271289	0.8518636	0.1946387	-4.95628	1.444292	1.328565	2.386868	0.4773056	-3.345746	-1.818159	-0.5778299	-2.386284	-2.220635	-2.360637	1.505752	-3.817576	0.6876108	-2.080677	2.29791	1.668027	1.393822	-1.820119	-1.375394	-3.319822	1.947842	2.563322	0.1677763	2.156276	-1.399191	-2.478686	-3.268324	-1.189418	2.029871	-0.167993	-0.7909244	-0.7707014	-3.146785	2.668294	2.577196	1.848646	0.1180967	-2.114349	1.527844	-3.020416	-2.433725	-0.6216476	-2.7425
2.632686	0.6036723	-3.275542	2.555831	1.264517	0.3064444	-2.799024	1.015429	-3.115882	-0.6408741	0.4260291	-0.9891133	1.182887	-1.469908	-1.477044	0.5371324	2.914663	1.68494	1.275615	-0.9440929	-0.7175826	0.9484046	-1.059945	-1.818221	0.5946955	1.397218	0.4214023	-0.6961513	-1.417888	2.867333	0.3773991	0.7637762	-2.550652	-2.372418	2.000826	-0.2697881	-1.999149	-2.812762	1.08421	-2.246918	-2.974029	2.656426	-2.665386	0.03665982	-0.3591716	-3.0609	0.7119817	-6.173705	-1.650584	1.541034
-1.042204	1.032254	0.2257776	0.5471884	-0.906026	3.972227	-4.282469	-2.645576	3.612772	1.144631	0.2162852	0.4309724	1.688837	1.710751	0.398069	-1.392886	-2.015441	-1.805356	-0.846247	-0.4779851	1.63869	-0.2470693	1.03792	-3.200958	1.358224	-1.457917	1.722596	1.554861	2.35157	-0.05111123	-2.105967	-0.441613	3.676464	-1.001781	-1.027539	1.271813	0.7247168	-0.5887369	-0.01589925	0.5991179	-0.6322534	3.626596	-0.5599018	-2.009969	0.5899103	-3.94193	1.849624	0.2217638	1.460274	-1.22968
-0.9816177	1.704934	-0.2661564	-1.644742	0.3062588	0.4029582	-1.624733	1.044294	-0.7966489	0.7854479	0.7611028	1.45232	-2.253472	1.047139	0.265522	1.969847	-0.3226694	0.6592883	-0.5969521	-1.554053	0.9709096	1.394453	1.880945	-0.3680016	-1.120837	0.9506542	-0.7311496	-0.2168084	-1.441442	-2.115678	-1.141242	-0.9752503	-1.518175	-2.468239	0.9973165	2.479907	-1.57551	-1.347104	1.071297	0.2752265	2.210516	-1.466611	-0.4584077	-2.199437	3.026586	0.6484486	2.410277	-0.236561	-1.190186	-4.081334
-1.373516	0.8514508	1.666228	-3.428001	-0.1692729	-1.048692	-2.047992	-3.191309	1.607482	0.07462222	-0.5419005	0.713174	1.857623	1.722588	-0.9216644	0.3437119	-0.1898763	1.589191	-2.031595	-2.908537	0.5168148	-0.6760741	-0.9193173	-3.170078	-0.1126711	0.4168748	4.268698	-3.134834	0.4916513	0.2679232	2.97145	-0.5104443	-2.556862	-0.07853879	-1.008947	-1.829853	-1.264543	2.381036	0.2024626	3.980549	0.1801419	-1.42842	-3.418056	0.8933803	-2.717283	-2.515493	1.753778	1.994295	0.5384902	-0.2625206
-0.328041	1.314789	0.5170621	-3.216401	0.930497	-0.3668018	3.424523	-0.005279437	-1.996158	-0.4049391	-0.1708207	-0.558106	-1.335223	2.15501	-0.8204995	-0.9157244	0.9162593	1.398378	0.7745686	1.115923	0.3456752	1.308051	2.931862	1.290648	1.058518	0.1027622	-4.038443	1.001808	0.2690383	-1.01709	-0.2495143	1.518787	1.483872	-3.442974	1.392311	2.302701	-2.62474	-1.34855	1.278056	0.4363986	4.424369	1.122348	2.841596	1.966823	0.006103313	-1.645715	0.8987164	7.907496	1.743973	-1.761029
-0.4685959	-0.975772	1.936845	-1.149762	-1.853955	1.8628	5.004936	0.5394158	-0.1376919	0.7440113	1.318901	0.5326819	-1.050427	-1.321471	-0.2320375	0.01941065	-1.026251	-0.6096413	3.553392	1.008858	-1.324961	0.6797155	-1.192442	1.198075	1.582597	1.18043	-2.605783	-1.00626	0.514715	1.010826	1.481543	1.230864	-0.9228657	3.670653	1.528694	0.9130626	-2.413883	0.5469648	0.7912013	1.175303	-1.201028	0.1993681	-1.988417	-0.2604838	1.500334	-1.2164	-2.947502	-1.948804	1.959241	2.85666
-0.9330777	-0.3374645	-1.269847	1.469818	-2.532812	-0.4535784	-2.887474	2.517581	-1.211346	-0.3275103	-1.826325	-2.833108	-1.792989	0.9644851	0.5955174	-1.973138	-2.082519	1.085041	-2.610823	1.750837	1.797344	0.8882916	-1.800829	-1.18621	-1.380809	-1.600759	-2.003646	-1.400423	-0.8735093	3.713812	1.114002	-1.256975	-1.209831	2.910162	-1.261274	1.257474	0.3278268	-2.056976	1.856475	-1.414472	-0.4629503	0.1386698	0.1121994	-0.1016014	1.4164	-2.185842	-0.6346215	-2.734513	1.430894	2.627819
-0.2844338	2.450567	0.722839	-0.5444268	2.950337	-0.8613548	3.315484	1.019623	-2.085653	-1.166329	-3.518965	-2.84786	0.6051969	1.620302	-1.542915	-1.80277	-0.3628368	-0.1621083	-0.6986297	-1.531936	0.02993762	1.439882	-1.812729	-0.5056994	-2.098308	2.676486	0.6672701	-2.964422	2.202345	-0.2826299	-2.026577	1.831083	-0.8362325	1.353052	1.29057	0.338492	-1.731361	-1.877287	-2.056071	-4.234951	3.405024	1.759135	-0.6091793	1.508133	-2.024565	-0.3382902	-3.183714	0.9395722	0.7666303	3.816719
-1.580093	1.56658	-1.470167	4.015008	2.502874	3.902298	-1.058286	-2.848095	3.439682	-3.474923	1.455302	-2.787981	-1.586623	-2.254212	-0.654469	1.491858	-0.5358301	-0.9551297	-2.285877	0.5183114	-1.634057	1.53466	2.272558	-1.706334	3.530714	2.200158	2.014753	1.116171	1.585007	-2.921016	-2.712132	0.9103271	-1.726871	-1.864516	-1.708196	2.384839	0.04035975	-2.149307	2.513131	1.658043	0.4582932	1.508741	2.402152	1.914267	-0.4986467	-1.151423	1.110685	-5.296003	1.047241	5.414187
-1.58862	2.122179	-1.426878	-4.155978	-1.121604	3.064795	-0.3463053	-2.031723	-0.9560943	-2.419845	-1.031236	-0.398764	-1.5496	1.880971	0.06527986	1.257037	-0.8603712	-1.634344	3.789667	-0.2910894	1.036963	0.6059779	1.676687	1.04903	1.331325	1.484079	-4.031506	1.379299	2.669233	-1.242563	-2.048406	-0.7896328	-0.2525231	-3.502545	0.4788854	0.7982629	0.355703	-0.7462343	0.9035778	0.1227963	-1.240261	1.46017	1.051216	2.211854	-0.7675003	1.683903	-0.5121729	-0.9998169	1.139943	-1.993093
1.633571	3.746411	-1.259129	0.7271692	2.760781	0.4658604	1.212979	0.01261336	-0.3488666	-1.219932	0.2636577	-1.381368	1.285194	0.38245	5.006129	-1.084699	-1.873146	0.6879771	1.276236	-1.50681	-2.332205	1.724063	-2.004834	-2.556075	-3.419057	0.5397868	-0.6068365	3.38932	-1.078805	-2.055484	1.222603	-1.981752	1.873981	1.156106	1.366418	2.05881	1.451977	0.2125166	-0.8042881	0.1964434	2.545463	2.279831	-2.74186	-1.998546	-2.76774	2.720956	-0.3626332	0.4757358	-1.457593	-3.10438
0.3708651	-1.018169	-2.738085	-2.393774	-0.70834	0.3151595	3.818927	-2.25659	-3.412619	-3.491199	-0.06492341	-1.381616	-0.9119653	-0.6611717	2.716446	-1.271347	-2.713916	0.4978598	-2.185988	-1.974691	2.112647	-0.80935	-0.2376073	-2.097285	-0.2783522	-2.414386	-1.916821	-1.596545	-2.5971	-4.190503	3.573833	-1.235172	1.617567	-0.427999	1.832401	-1.298967	-0.2997847	2.882995	-2.576669	-0.4239967	2.412795	1.538192	-2.004577	-0.6877004	-1.485603	-0.1659939	-0.02911814	-3.536869	1.127959	0.7212269
