1.597108	-1.444712	1.079242	-1.975705	-0.3550946	-0.2143543	0.7139414	0.658507	1.50072	-1.78781	0.8922697	3.826069	-0.9937382	-1.288315	-1.151488	0.9956144	2.417122	1.551794	-0.9010461	-0.1907903	-2.002291	-0.8291689	0.2038507	0.245231	-2.561335	-1.206347	2.994194	0.202701	0.6157831	-3.257818	2.960206	-2.039182	-3.255624	0.5566758	0.6287373	-0.3437596	0.4807475	2.856958	-0.8198382	1.531431	-0.2965904	-1.437908	0.7802289	-2.757105	-0.4372042	0.7135421	0.2517674	0.7575686	1.03635	0.8128966
0.8078138	0.1161352	0.1622794	0.5359554	1.895829	-1.070705	0.0929321	-2.654158	-0.6297428	1.124166	-3.245759	-1.026642	-1.686166	0.6605276	-2.024843	0.364472	3.765996	-0.4915879	-0.12792	0.3249712	2.190644	0.2316326	-2.103759	-2.663742	-3.09249	0.9537853	0.3931453	3.086562	-0.1617459	-3.965616	0.462333	-0.7682608	3.544129	-0.8620496	-1.586525	-0.5452038	-0.2431086	2.3178	2.877082	2.744553	-0.2956615	0.8187716	-1.08725	-2.878966	2.969874	-2.228035	0.1146459	1.456581	-0.8721713	-1.469696
1.461518	0.6879856	-1.836416	-2.047092	0.2553178	1.319707	-0.6550999	0.9839018	1.365197	0.5411168	0.1765392	-0.1230513	-0.8976882	0.6825733	-2.100692	3.569389	-1.404022	0.1244947	0.240619	0.8379543	0.7461218	1.128602	-0.2927017	-2.053791	-1.511461	1.551662	-0.7410161	-0.1945468	1.663649	-4.303585	0.7125936	1.475837	-2.655065	2.068033	1.548159	-2.050423	-1.373143	2.752641	2.011501	3.487041	-0.5702973	-1.240742	-0.7368419	0.07307083	-0.5910758	0.6842393	-0.7015924	-1.591914	2.464785	-3.525746
0.8633113	-1.180483	-1.083076	-1.666773	-3.31052	-1.204185	1.309731	1.936029	-0.6603334	0.06316551	-0.4141346	-0.4828914	-0.2688709	1.486057	0.2310923	1.566672	-0.954556	-2.034706	-1.211692	-1.267916	-1.332741	0.6759123	0.662808	1.452861	-1.605015	0.1253593	0.06454996	-1.1405	1.26972	-1.732622	3.392195	1.086273	-2.731629	1.1264	-0.7308807	2.014575	0.1134027	-0.820248	-3.9206	5.0731	0.9726786	-2.225816	0.9316553	-2.105403	1.111119	0.5512149	-0.4242331	-0.6475242	-0.9480605	1.217909
1.438979	-0.9690621	0.8362824	-3.268401	2.706339	-4.328148	1.025543	0.07797439	-0.03055257	-1.520237	-1.319425	-2.108214	-0.7150051	-2.429506	-0.8890623	-1.029037	0.4146877	1.122809	-0.8793902	-2.349367	-0.8869943	1.203728	0.7652998	0.007123062	-3.019988	2.246898	3.663403	-0.8289893	2.072675	1.94337	-1.083908	0.898698	-0.5161353	-0.4815011	-1.102319	-0.6532313	-1.118349	2.472923	-3.949195	-0.3353642	1.815995	0.3336466	-1.154374	-1.260772	1.820811	0.4318949	-2.570181	0.3676485	-0.6933221	-2.052215
-2.03023	0.3753456	-0.7938939	0.1805658	2.31494	-2.196842	4.731598	0.4110753	-1.371019	1.585423	-1.974561	1.16288	2.037731	1.829802	-0.08970265	-1.176812	1.522023	-0.9235008	-1.37129	2.626841	2.44247	-2.897855	0.9441554	-1.88594	1.463241	-1.908773	0.1612131	-0.6297183	-0.6807961	-0.2966393	0.08275164	1.124972	1.485164	1.335599	1.207169	-1.721083	-1.186791	-2.435581	-4.098042	-2.648886	-0.5711887	-0.08617217	0.8804262	1.894989	1.978098	-1.303605	0.6455726	-1.510012	-2.282551	-0.8406985
-0.6660222	1.015106	1.967615	-0.03793022	0.7301709	1.627798	-2.774419	2.181946	0.2395213	0.5177223	1.501626	-0.2386463	1.595472	1.039705	-2.431415	-1.650109	0.9724668	-2.115893	0.5395373	-0.57917	-1.736405	2.059248	1.708413	0.5695128	2.194242	-0.2408479	-2.832865	-2.129205	-0.8994343	-1.805599	0.2786624	-1.624258	0.6646775	3.700515	2.081931	-1.387022	2.050754	-0.3902597	-0.001923688	1.674497	3.891972	0.3778744	2.920359	-1.423926	-2.267225	-2.679467	-1.911026	0.4506388	1.43338	-0.3231652
-1.827049	-0.3355832	-1.013484	-0.4284174	0.5248426	-0.9064922	-3.500438	1.418381	0.9176088	-0.9570934	-0.9547776	-1.891987	-1.624528	-0.6504824	0.9263167	-1.804458	0.2535868	-1.73824	-0.3697953	-2.166687	2.146847	-1.593952	-2.352274	1.918427	-1.581387	2.153648	-1.022159	-2.143763	-1.845621	1.860939	1.549443	-1.927424	1.504678	-0.06228855	1.921742	-2.160927	1.138502	-2.8288	0.1309954	0.946342	0.8124734	-1.02038	-1.25805	-0.770714	-2.223876	3.437544	-1.341013	2.022141	-0.5354421	2.779989
0.7688973	-1.2212	1.119161	1.286004	0.9754542	2.504474	1.428011	-0.1437653	1.111209	-2.727737	0.0518821	0.7329622	-1.393144	0.5820719	3.03134	0.1603938	-1.87286	0.243602	0.2101757	1.575362	-1.585025	1.001781	1.827307	-0.6273051	-3.500518	0.8882297	1.455165	-3.921189	2.535816	2.241356	-0.08087574	-1.345069	-2.7305	-0.698577	2.245022	-2.341127	2.331554	0.5088128	-0.8182059	1.157514	-0.3042917	2.382601	-2.089827	-0.6275581	1.028592	1.251954	1.668234	2.597269	-1.314999	-1.958771
1.057806	-0.763814	2.397407	-1.023966	-1.470877	3.006178	1.789447	-1.907436	0.5936193	1.887691	2.373337	-0.5650579	0.8400333	1.51662	1.776314	1.498202	2.559231	1.297906	0.4497309	1.616442	0.9791664	1.243971	0.9163872	0.08896524	1.376617	-1.402625	2.084453	-0.7460587	-2.154657	-3.698109	-0.2631721	-0.6801022	-2.224385	-0.3958939	-1.166884	0.6474644	1.818467	0.06809153	-2.44028	-0.01849456	0.633882	-1.133486	-2.219689	1.198472	-0.1211414	0.1724703	-1.955266	4.694735	1.263716	3.474476
1.283723	-0.3314225	1.485989	-4.32604	0.07607391	0.470941	1.369498	-0.5836581	-0.4028937	-0.5642498	-1.653121	1.318783	1.70508	1.187056	-2.427294	-1.652714	1.131619	0.2856362	-1.222597	2.549142	1.686646	1.297627	-1.563204	-0.07157335	0.1295679	2.312062	2.428624	2.059585	2.374571	3.827228	0.5462801	1.313596	1.487332	1.708917	0.4982165	-0.860199	-1.143077	-2.826872	1.983499	1.491391	-1.682182	-0.8335554	-0.3206733	2.2032	0.2788262	-1.531418	1.691391	-2.861977	2.330959	0.7100218
1.745506	-2.208468	1.255219	-2.187527	-0.8233329	1.316449	-0.8035843	1.951702	-4.062528	2.719876	0.4549418	-0.7809191	-0.9451857	1.478421	2.021384	2.014146	-1.491694	-1.46007	-0.6399593	1.704849	1.875321	-1.876415	2.165838	-0.1021868	-1.081738	1.787242	-3.730837	-1.13569	-1.776422	-0.7287136	0.70945	0.2923543	-3.457702	-2.138043	-1.252629	-0.3305021	-0.6683144	-0.5549211	1.751709	-5.512737	0.3324065	-1.808364	-1.540348	1.842398	2.854076	-1.148937	1.292835	-3.665054	-1.338169	-1.284703
-1.455166	-2.305673	2.034035	-0.7507908	1.242792	2.2587	-0.799516	1.441223	0.8741508	-0.7141194	1.720602	0.3532801	-1.810488	1.38168	-2.612365	-1.05261	0.03715223	-1.539908	3.002775	-1.138678	-0.02270429	-0.1199202	-1.761668	0.02597604	3.651003	0.9298004	-1.177777	-2.260306	1.647204	1.920157	-1.727069	-1.763906	-2.436031	-0.15334	0.5460287	1.201252	2.884974	-0.7904572	-3.765345	2.188853	-0.06556082	1.329451	-1.738363	2.57755	-3.212925	0.5172323	-0.9764265	-2.540212	0.6756211	0.1066971
0.4708147	-1.509576	1.236532	-2.742997	0.744689	-1.002192	0.4219845	1.966306	-2.046869	-3.2686	-3.418132	0.6363571	-1.402989	1.487841	-2.492584	-0.2020236	-3.405221	-2.982178	-0.3322315	0.4820947	-1.206254	1.144931	1.240312	2.085089	0.647381	-0.3211685	-2.031388	0.9985847	-2.364088	-0.138796	2.379184	-1.401966	-0.5612974	-3.131042	-1.133562	3.502716	-2.121545	0.9160978	2.950699	0.7601185	1.158942	-2.303514	0.744182	-0.2154105	-2.518091	1.340392	-1.754854	-2.660469	0.9475521	-0.3005412
1.751028	-1.359246	0.779915	0.05606356	-2.339706	-0.8887888	0.4787726	-1.610162	-1.6098	-0.4181139	0.9605038	1.218317	1.66726	-1.093175	0.05195796	1.875676	0.8561102	-1.566941	-1.159499	-0.6949479	2.128345	-2.125829	2.946424	-2.219373	-0.2750919	0.3476953	-1.877294	-2.869703	-0.6725674	1.473571	-0.1450156	1.654693	-3.067148	2.904784	0.8487449	-2.859808	-0.6716229	1.645422	-2.07785	-0.8489927	-0.2749246	1.803355	-3.13337	-2.6912	-1.332767	-1.468461	0.3667818	1.47654	-1.523215	2.699875
0.8278065	-0.9151815	2.460848	-2.225592	0.02260748	2.09246	-1.085263	0.269587	4.506524	-0.820156	-1.727478	-0.08301209	-0.6571733	-1.656836	0.9884657	-0.5417979	-2.47884	1.155949	0.9377094	0.9714575	-0.7691371	-0.7150536	2.26306	-0.6373782	-1.362605	2.014943	0.8189319	3.534951	-1.637073	-0.2420255	-1.503105	0.9111006	0.5611874	0.5805995	-1.257235	-1.603833	-1.830505	-0.4817945	2.937314	0.731841	3.917381	2.271528	-0.6301808	3.221935	-0.09228919	0.2068806	-0.979358	1.389259	1.258482	-0.8978841
-0.6609288	-0.8061832	-1.494979	-2.121868	-0.2014237	0.3987399	0.008072476	-2.907139	-2.978258	-2.877135	1.606534	0.2156634	1.329091	-1.194332	-1.05963	-1.411443	-3.271931	-2.769239	-0.7492795	-3.854769	-1.126096	0.3111131	0.1735754	1.843238	-2.514183	1.261511	-2.014675	2.05755	0.3770159	-4.860136	-1.676949	0.9369111	-2.441464	1.608865	-1.585657	0.3539951	-0.9032951	1.430417	1.490025	-2.476655	-0.1791545	-0.00596984	2.715249	-1.861966	-0.6288956	-2.766657	-3.514549	-0.7935703	-0.8203826	1.175732
1.224953	2.019441	-1.997687	3.936038	0.09724343	1.437569	-1.586761	0.09058225	1.744936	1.258555	2.570591	0.9157269	2.16255	2.317128	-3.133059	-1.509723	-2.474941	0.4690407	-1.50716	1.102676	-0.1502597	-1.069063	0.9976412	0.2610019	-0.3191813	-1.347506	2.308093	2.881097	-1.149062	0.246345	1.055835	-0.3657377	-3.30959	-1.453559	-0.5172258	-0.4561052	1.267079	-0.2956888	2.340951	4.371134	1.661974	1.157877	-1.193713	3.792701	0.6997011	-0.02857383	-0.977848	0.1102989	-1.263587	1.241517
-2.444516	-0.9573211	0.8046742	-2.63359	1.348332	1.220867	3.300676	-1.705986	-1.517207	1.998452	2.113571	-0.5284141	-0.9891896	1.922457	-3.01636	-3.182638	-2.779303	0.4453048	1.213397	-0.006268708	0.1586667	1.782503	-2.212541	-1.014945	1.808976	-2.137066	-4.720546	-0.1317462	-1.524602	0.5448916	0.3619145	-0.9047158	-4.300186	-4.478527	1.099605	-2.702965	2.934405	2.291074	-1.048122	-2.782985	4.250719	-0.5637017	-2.973606	-0.3952955	0.3677865	0.7611379	1.129637	-2.107414	1.54363	-2.952267
-1.695287	2.302236	0.4498127	-1.038768	-1.260282	0.6060802	2.24427	-0.1739842	-2.119819	-2.539226	-0.1213816	0.772133	1.225452	1.672749	0.8272309	-3.064432	2.183373	2.683485	1.550996	-1.921995	0.423453	1.345169	1.010131	1.734995	-0.6533829	-2.092189	-3.411524	0.06658812	0.5575838	-4.183339	-0.003623429	-2.175637	-0.6877852	0.4811608	1.745604	-2.599132	0.07130846	-2.298662	-4.849105	-1.883862	0.4353757	1.309948	2.165515	1.506393	-2.782836	1.153961	-1.710905	0.02603027	-1.509422	-5.766648
-1.313103	-2.880852	-3.30565	-0.5140427	-1.235474	4.524417	-0.3819052	0.4343867	-6.043084	-0.9946437	0.7299415	-0.8713157	-2.306512	-1.161284	1.619408	1.584737	2.234143	-0.8612734	2.33186	-0.48361	0.1729283	1.240936	0.3176312	2.570187	-1.271958	1.579735	1.661601	1.165094	1.084423	3.40282	-2.671279	1.127992	-1.521436	-4.551234	0.8525792	1.730668	0.8547129	-1.343694	1.873276	2.297464	3.630862	0.0341188	-1.809099	1.553495	0.244879	-0.9279516	-1.195156	-0.496274	-0.9067512	-3.533542
