-1.331585	-1.065201	0.4146323	1.943487	-2.742796	-1.211456	1.356576	2.044366	-2.304994	1.725077	-0.05253621	2.727489	-0.4249141	-1.222965	-0.2008067	-0.925571	3.434034	-0.3311824	0.3350007	1.857994	0.9971974	1.798768	-0.4931646	-1.548071	-1.08066	0.88111	1.142491	-2.046847	2.436079	-3.338136	1.392451	-0.9201191	0.9365457	-2.686418	2.213659	-1.900612	0.6663619	1.067133	2.236689	0.4417487	-0.902543	-0.8898686	0.2155359	2.168183	2.100684	-2.440698	-1.112764	-0.9879762	-0.5137103	1.935469
-2.146539	-0.1861264	-1.524681	-0.06857432	-0.7591576	0.3470071	-1.393084	1.126661	0.8561191	1.864755	0.3036405	0.08890623	-0.4149753	1.663535	-1.188076	1.244666	2.894275	2.164117	-2.378713	-1.875675	-1.719076	-1.346905	-1.483584	-0.8386001	-0.9228782	0.4314745	-0.006107686	-2.14742	-1.356981	-0.01923796	2.489804	-1.156588	-3.016526	3.629698	-1.97596	2.097243	1.109301	-0.1862293	1.336376	2.146438	1.562476	-0.4159447	0.4936808	-1.171805	-1.772352	-2.646979	-1.84262	2.421643	1.56103	2.224861
1.01364	-0.9961166	1.133579	0.6360126	-2.223424	1.57778	-2.554224	2.174159	2.772619	0.8814724	-0.02525233	1.55102	1.239526	-1.247592	-0.2974886	-0.4617475	0.5277464	0.8995892	0.04732893	0.09777118	-3.134855	-1.716639	2.611415	-0.02464515	1.903715	-1.153417	4.098999	-0.6278768	0.348268	-3.026896	0.04583064	-0.5995052	-3.102593	1.347847	-1.446076	-2.544427	-3.091608	-2.068094	-1.875068	0.01225792	1.576285	1.250299	-1.308912	1.558027	-3.044675	1.736361	-1.280076	2.902465	1.024776	3.583042
1.610691	-2.064545	-1.27112	-2.527907	1.304474	-1.327426	1.786616	0.2710463	2.19264	-2.873104	-0.8311743	2.472816	1.475554	2.042733	0.2095242	-1.077005	3.510419	2.510896	-2.449339	0.4552327	2.607247	-0.3218247	2.226617	1.727731	3.8633	-2.61806	-0.009516439	0.9023412	-1.098773	-3.139217	0.5470861	2.039603	0.2407052	3.226499	1.581026	-1.667029	0.07498857	-1.2576	-4.332455	2.916951	-4.123336	0.2008386	1.448649	-1.192967	2.605351	-0.2272601	-0.2111129	-1.617684	-0.6374739	3.26114
-1.226289	-1.600786	-1.51343	-1.100115	-2.617808	1.662743	0.4080142	0.6141172	-0.9404319	4.193691	2.254411	2.19056	-1.292755	2.039151	1.524036	-0.7191743	-2.22402	-1.910624	1.944414	-2.359396	-1.313009	-0.6119158	1.610521	-1.76896	-0.2901551	1.004993	3.632853	2.803464	0.5150267	1.060436	-0.5599582	0.7732336	0.1902488	1.761433	-1.557393	-1.239975	-1.056896	0.4623835	1.316116	0.8574398	-3.087819	-2.394157	-1.030171	2.169953	1.073611	-1.660878	-0.5433081	-1.81297	1.629881	-2.314147
0.2689238	0.4054003	0.7761457	-2.96221	-0.1899207	3.232295	1.804657	-2.034865	-0.6451574	-0.1631538	0.9039817	-0.1933322	-0.07342114	0.4870738	-1.390675	-0.1063078	0.3510168	-1.813278	-0.6212979	-3.245271	-0.04900828	2.155054	0.007552382	-1.03678	3.295568	2.653778	1.74699	-2.273072	0.6652733	0.6761451	-0.5440802	0.7952215	-4.304489	0.9510045	0.7052579	-0.9796293	-2.592277	0.416307	-1.479377	-3.151249	2.920443	0.9530311	-2.865775	-2.354098	0.7103901	0.4370991	-0.1067883	-0.4559257	-2.109533	3.27015
1.314201	-2.174609	0.4733719	1.897626	-3.004737	2.047448	3.098037	0.5708216	-4.376732	-0.4950373	-1.893606	-0.6782789	-2.015444	0.5298799	0.4054399	0.9568887	-2.356463	-1.764953	-1.450923	-1.583982	1.48467	-1.280769	-1.788823	0.3184456	-2.102206	-1.531506	0.2416526	2.379629	1.885147	0.4771043	0.3877254	1.902441	-3.881982	-1.24862	1.855608	-0.5403142	-0.2349196	3.159329	-3.361215	0.7873484	0.7482912	-0.7864881	-0.6470183	0.8205755	0.0238867	-1.769332	1.555163	0.6522122	-1.267219	-3.937912
-1.286972	1.441493	-1.211364	-1.076543	1.185323	-0.3274544	0.7785445	1.425235	3.111541	0.764503	2.406636	0.8379844	-0.795299	-0.1023924	-3.383727	1.85291	-0.05960322	-0.8745606	2.297584	0.2092852	1.606362	1.096079	-0.01612821	-1.778994	2.098351	-2.034195	1.45788	0.3227625	1.835688	3.000615	0.5552604	1.338145	0.5237297	-0.9473769	-0.8982546	2.576463	1.161811	-0.3717243	0.1263116	0.6483691	-1.004211	-2.391438	0.9441609	-0.9501653	-0.3772139	-2.258565	-0.4037355	-0.9171529	1.823719	2.968296
-1.804176	1.000841	-1.70202	-3.35386	2.20138	0.8003905	0.8783444	-2.232749	1.350715	-0.3006522	-1.63803	-1.040094	2.157387	1.667141	-1.573094	-0.7188054	-0.7283337	-0.5936107	0.1300296	-2.085074	-1.146173	0.3466429	1.269706	0.8084321	1.578468	0.8517851	-2.224059	-2.482045	-2.785216	-4.068249	-0.6800495	2.083658	-3.155768	-1.823013	1.046756	1.948618	-2.323481	-1.036665	1.976031	-5.154929	-1.39915	-2.225208	2.164394	0.3206321	-0.7850937	-0.7829406	-1.348615	2.88561	0.3808388	0.541778
-1.132574	-2.569969	1.037263	1.849317	0.1466324	0.4436817	1.179733	3.254061	-1.287562	0.9199037	0.1502465	-0.6941341	-1.553341	2.153086	1.20399	-0.1119133	1.728407	2.284517	1.585113	0.09071774	-1.779079	1.363311	1.998813	1.154285	3.776296	-0.9992352	-1.690919	0.1364133	-1.217002	3.79059	1.134938	-2.336178	-0.9682699	2.225529	-0.906388	1.519903	1.547687	-0.44075	-0.6704726	5.82777	4.516627	-0.7643629	1.69236	1.870028	-1.118223	0.8520303	-0.7688368	0.1588387	1.123704	0.03315447
2.017768	-1.211589	-0.5826397	-5.71925	0.283286	-1.156062	-7.606561	0.1565688	-0.4148954	-3.141672	-2.782723	-1.387581	0.6803913	0.4486472	0.7162143	0.8096501	-2.00856	-1.965004	1.767163	0.8640858	1.917804	0.6802073	2.038291	2.720375	-0.1901914	-0.7341542	-1.525368	-2.421467	1.674743	0.6681579	-0.9421362	1.401248	0.8084313	-1.373839	0.7385275	0.6954823	0.06525569	-0.5079041	4.392497	-4.188602	3.404065	2.831727	-2.953105	-2.41958	-2.686053	3.160313	0.340541	-0.5981017	1.164497	3.056122
1.977221	1.725895	-2.255164	1.035305	-0.7125837	1.461582	4.229614	-0.6976038	-2.218559	-1.431499	-1.939133	-3.586529	0.7052728	-1.640613	3.569605	-1.246262	-0.6134442	0.9756084	2.049102	2.491878	-1.563091	-2.148314	2.698636	-0.323971	-2.689838	-1.405683	-1.528743	0.7155849	1.443651	-1.37971	-2.545084	-0.4029522	-0.7366542	3.673625	-0.9849552	1.802245	-1.755274	-2.887139	-1.60173	2.459735	-2.433443	-0.4815085	2.445728	-0.08272902	-0.0113553	-2.546892	2.441044	2.103553	1.486097	-0.7042761
2.404363	1.927157	-1.850214	-3.130209	-1.469706	-2.48779	-4.933142	2.142064	-0.1591967	-1.167345	-0.7070512	-0.6882227	1.891193	-1.395815	0.222112	-1.001996	-0.4290752	0.5722051	2.632249	1.71596	-1.515934	0.5304484	-0.9628572	0.9109409	0.9054689	-1.116918	2.951652	3.071123	1.611821	-2.281733	-2.032383	0.5753557	-0.6073121	-0.6012258	0.8567379	-0.133434	-0.1603009	3.224199	4.037891	2.472138	3.45002	-1.536761	1.662106	0.9738672	0.899524	-1.920782	-2.010103	-2.179033	1.294083	-0.5553962
2.070093	-0.6883538	-2.182548	-3.627492	-1.744445	-0.7223812	0.7596917	-0.7754128	-2.717723	-0.6625892	2.372984	-1.536066	0.9927323	-1.619885	-0.2468218	1.785107	-1.780993	-1.122297	-1.977704	-0.2154493	-2.671107	1.888497	-1.359605	-1.802585	-1.426942	-1.218255	1.271356	-2.435964	1.080031	-3.226686	2.255825	-1.043995	-3.651635	-1.441433	1.271597	1.737155	0.9281429	0.523215	-0.4789809	-0.15652	1.466015	1.949477	1.692302	1.91557	3.184741	-0.5448682	0.343215	-1.998883	-1.321329	1.47225
0.7837816	0.3426466	-1.608259	-2.334397	1.333258	1.748358	0.6499317	-0.4992047	-3.479295	2.562591	-1.663429	-0.6216176	1.732792	-1.845251	-2.039297	-0.1333064	1.98053	-0.7324953	-1.087481	1.666829	-2.166171	1.662235	-2.256478	1.369286	-1.486312	-0.02549509	0.1591015	2.215531	-1.92978	3.435264	1.234862	-0.7466987	-1.119231	-0.1760683	-1.029803	-0.9784667	-0.2269475	0.7636488	1.060321	5.017036	-0.4757651	2.17026	-0.7991902	-0.9460756	-1.706666	3.224962	0.9548573	2.598861	0.991758	-1.933084
0.7654357	-1.890608	-0.3092955	-1.021923	-0.3276322	0.02303613	-0.6833076	0.6435461	1.811458	0.4025761	-0.2444107	-1.841646	1.651349	-1.396525	-1.049249	-0.9592806	0.4614992	2.217774	0.4693993	-0.3476547	-0.3847214	0.5848146	-0.621432	1.326469	2.410851	-0.03131681	1.841744	-1.119166	-0.4681045	-1.728233	2.347311	1.502147	1.627935	2.888313	1.20268	0.7883882	2.021085	1.241059	-3.075383	-4.180086	2.09146	2.25565	1.357647	0.8757285	2.012699	0.476498	1.509639	-3.550845	1.265284	-3.253834
-1.387507	-0.5341937	1.346805	2.620109	2.443627	1.71878	0.8048602	-0.8176688	-1.940773	-0.4032914	0.619658	1.367066	-1.06093	-0.3703889	-0.3973577	2.426601	-1.602444	1.915834	2.878557	1.152681	-0.07397818	-1.879318	-0.2617132	1.639945	2.92156	-0.7242644	1.422648	-1.929758	2.266774	-0.3641957	1.798568	-1.212846	1.086085	0.689599	2.112047	-0.8968368	0.9027118	-2.169116	-4.015818	0.2259025	1.726546	-1.591318	-0.5428963	1.203363	-1.935883	-0.2586276	-1.072049	1.544072	1.424391	-0.7172993
-0.985044	-1.71973	-1.776485	1.969022	2.110978	-0.4597206	-1.939432	1.586252	0.06728601	-3.481552	1.133291	-1.466942	-1.372613	-1.828738	-0.528643	-2.225206	1.052072	-1.682848	-0.4794353	0.4802791	0.3092939	-0.482203	-0.3145267	1.602829	-1.867656	2.279629	0.5230623	2.191268	-2.00448	-3.353362	-0.2411625	-0.4453603	1.512609	-6.013672	-1.720899	-1.02937	2.718167	2.075822	0.5223593	2.413903	3.076808	-0.8144402	0.08037991	-3.090575	2.002251	1.117584	-1.457406	3.131423	-2.001574	-0.3179999
-1.406458	1.61486	-2.512708	-0.1777177	0.4109638	-0.4616545	-2.20146	-1.020692	0.3424114	-1.353679	0.77482	2.091109	1.218444	0.5199573	-0.1739692	1.466222	-2.897525	1.133935	-2.316194	0.6390753	0.5411199	-1.012821	-0.3271525	-0.2517141	-2.191548	1.265323	-0.8806519	-2.447787	0.04512437	0.9877244	-2.701488	-2.100312	-0.6037858	-3.0588	1.05915	-2.806958	1.744336	0.1808702	-0.154889	0.9348912	-0.4840207	-0.1485693	0.1235915	-0.03108037	2.618951	-0.1175327	2.106759	-1.5143	-1.205987	-1.329864
-0.8120853	-2.550455	1.060837	-0.7194283	1.987794	0.7209977	-2.292787	-1.926592	-0.2543474	3.2128	2.167205	2.261932	1.464345	1.677648	3.780137	1.498823	-0.8258734	-0.6429905	0.6200481	-2.599912	-2.490429	1.341195	-2.061093	2.664206	-1.763739	0.9980791	-1.123942	-0.00649027	0.5681908	2.793349	1.173914	2.042918	1.236806	3.649379	-1.399322	-0.9575431	2.247769	-1.498761	-1.852747	-1.32159	-0.8341864	0.2696303	-1.629088	1.091638	0.4664048	0.2652721	-2.706462	3.706026	0.2069198	-2.335466
-1.692264	-2.489718	2.23376	-0.2023999	-1.8353	-2.475404	1.418783	-1.241729	-0.09618929	2.027173	-1.35443	2.34248	-1.103392	-1.386418	-0.8522585	-1.334152	0.5548894	0.9625943	1.041188	1.039171	1.950341	2.730291	-1.608743	-0.2973265	1.113116	1.937545	-0.813296	0.351394	2.118542	-1.267776	1.698451	0.355793	1.470353	2.147301	-1.920592	1.666415	1.398554	1.319358	-3.021878	-3.592196	1.137158	0.02150414	3.132123	3.021098	1.08083	1.208082	2.059026	-4.200911	-1.328047	-2.371276
0.7113978	-1.472767	2.16853	3.215467	-1.083016	0.5189486	-3.154806	-1.758521	-1.230368	2.79435	-2.640184	-0.4069513	1.579033	-1.819826	3.80471	-1.621199	-0.2730249	-0.6380446	-1.552863	-2.596193	0.4962713	2.831708	1.087986	0.2406226	1.125739	-0.826687	-0.07572415	1.409924	-0.3503124	4.46815	-1.851141	-0.7060649	-1.711588	0.7066097	1.51696	-0.0658559	-1.348229	2.932123	-0.136597	-1.187762	0.4858723	0.8806803	-1.180081	-1.966141	2.234557	2.924262	3.287424	1.442036	-1.802118	-3.252932
1.489121	0.8245046	-1.258515	-0.9942895	0.5708265	1.922603	-4.9965	0.5382121	0.8810014	-0.5455019	0.8025064	1.695848	1.227548	-0.8220282	2.84049	2.536652	0.07937602	0.7990868	-2.725517	0.5445498	-2.701771	1.965566	1.945576	-1.828963	-0.6843728	0.5891269	-1.570001	2.594764	-1.12225	-2.049295	-0.2720485	1.838045	3.523543	-0.948892	2.097271	-1.289463	-0.9588601	-1.140994	1.201322	-4.641004	0.7548593	-1.084889	-3.256075	1.326357	-0.4174131	-3.326789	-0.9304317	-0.4289096	0.9217037	-0.7804156
0.9895528	0.9514283	1.126496	1.435692	0.1056768	1.902938	-1.589878	0.2407221	3.810041	-0.945242	0.829137	0.2331227	-1.817279	-1.014023	-2.754447	-1.506587	-3.113634	-0.2925382	-2.682379	0.03252287	-1.70733	-0.8314663	1.18216	-1.842326	-0.958879	0.5262106	0.9558678	-3.440961	2.092626	-3.495408	0.06990669	1.066905	1.482054	0.1270746	-0.2750215	-2.117153	1.868076	-1.227291	0.7475892	2.678476	0.3169105	-1.805778	1.366475	0.6941913	3.267191	-0.6547204	0.9827136	-6.020002	2.389892	4.342677
1.341483	-1.147326	-0.482469	-0.016939	-1.827511	-2.390802	-2.786865	-1.552096	0.1688161	2.988346	-1.888498	-2.325197	-2.025941	-1.569786	0.1081915	0.5347119	-1.407221	1.533548	0.3346134	-2.584458	-0.8680736	1.126666	-0.06184804	2.230534	0.04260067	0.7978135	0.08187701	-2.151835	1.470937	-2.683496	-2.006806	-1.123701	-3.795379	-1.92828	0.6913268	-0.6818471	-1.252231	-0.262871	3.938532	5.177305	-1.799098	-2.01672	-1.106816	-1.356446	1.530611	2.717818	2.811458	3.081235	1.477153	-3.153467
1.690283	-1.423487	1.396097	-0.8071269	0.7860916	2.797086	-1.431844	2.573445	-0.2515143	-0.05424427	1.441993	0.7103746	-1.293338	1.245844	-3.041462	-1.099304	0.174946	-2.787184	0.02499418	2.579881	-1.590686	1.196884	2.433844	1.166263	1.41983	-2.146644	1.290018	2.67431	-2.234516	-1.592831	-2.246834	0.06236328	-0.4869181	3.665029	-1.52316	-0.8050748	-0.4381503	2.031431	0.5920465	1.798013	-0.8608098	-1.897223	-1.675943	0.8709028	-0.9408635	-2.137534	2.518956	3.350362	1.695044	-4.380178
0.7814182	-2.149431	1.162464	-3.084902	-1.283366	1.822334	1.925277	-1.13375	-2.99955	1.361307	-2.397869	1.385565	1.54975	-1.800321	2.091702	1.121627	1.383926	-0.3548269	1.262469	2.035751	0.848559	0.8989079	-2.276032	0.1682138	2.123375	-2.584112	-5.404543	-2.172042	-1.815609	-1.581948	-1.019797	1.726683	0.5704917	5.059407	0.2345874	-2.097106	2.145571	-0.8095149	-2.750351	-0.01230224	-0.8929987	-1.754191	-0.8073025	-2.079828	-0.7211926	-1.84143	-0.360234	0.7432191	-1.712671	2.567568
